8 9 22
8 9 22
8 10 25
8 10 25
8 10 27
8 10 27
1 5 46
1 5 46
3 1 78
3 9 78
11 10 105
11 12 105
15 6 129
15 1 129
15 10 131
15 10 131
15 12 132
15 10 132
18 12 2
18 12 2
25 12 181
25 12 181
25 2 9
25 1 9
29 12 144
29 9 144
29 12 22
29 9 22
22 12 144
22 5 144
22 12 211
22 5 211
22 12 212
22 5 212
22 12 47
22 5 47
36 12 2
36 5 2
36 5 161
36 5 161
41 6 46
41 5 46
43 12 134
43 5 134
48 12 321
48 1 321
49 6 330
49 5 330
62 12 144
62 5 144
62 12 22
62 5 22
66 12 9
66 5 9
66 12 371
66 5 371
68 12 429
68 5 429
73 12 459
73 5 459
72 12 466
72 5 466
78 12 2
78 5 2
80 12 134
80 5 134
85 12 47
85 5 47
88 12 78
88 5 78
88 12 102
88 5 102
88 1 570
88 5 570
88 6 572
88 5 572
97 12 78
97 5 78
97 12 591
97 3 591
102 12 348
102 12 348
102 12 212
102 12 212
108 1 616
108 5 616
105 4 620
105 5 620
105 4 621
105 5 621
105 4 622
105 5 622
130 2 39
130 8 39
131 12 363
131 6 363
140 2 39
140 5 39
138 5 333
138 5 333
139 5 10
139 5 10
142 12 778
142 6 778
142 1 780
142 6 780
143 6 804
143 6 804
150 12 134
150 5 134
150 12 2
150 5 2
150 12 299
150 5 299
152 12 31
152 5 31
152 12 417
152 5 417
152 12 47
152 5 47
162 12 143
162 5 143
182 5 296
182 5 296
175 9 967
175 4 967
175 2 968
175 8 968
187 12 397
187 12 397
194 6 718
194 19 718
197 19 46
197 19 46
206 12 557
206 12 557
211 6 29
211 2 29
211 6 164
211 2 164
216 12 34
216 12 34
218 6 146
218 21 146
232 12 166
232 19 166
240 12 1178
240 20 1178
248 12 522
248 19 522
245 5 1201
245 19 1201
253 12 1216
253 19 1216
255 5 296
255 19 296
264 12 34
264 12 34
264 19 34
269 12 134
269 19 134
269 12 2
269 19 2
269 12 1287
269 19 1287
275 12 144
275 19 144
279 12 221
279 19 221
280 12 34
280 19 34
281 12 2
281 19 2
287 1 1335
287 12 1335
287 1 1336
287 12 1336
285 12 1355
285 21 1355
285 12 1169
285 1 1169
293 12 508
293 12 508
297 1 1391
297 6 1391
297 1 1400
297 19 1400
310 12 429
310 19 429
313 12 1037
313 12 1037
313 19 1037
313 12 1482
313 12 1482
325 12 34
325 19 34
325 6 1526
325 6 1526
326 12 135
326 6 135
327 12 34
327 12 34
329 12 181
329 19 181
328 12 1545
328 19 1545
342 12 901
342 19 901
343 12 791
343 12 791
336 24 1575
336 19 1575
336 24 1576
336 19 1576
347 12 144
347 25 144
347 12 22
347 25 22
354 5 10
354 19 10
367 12 397
367 19 397
371 12 495
371 12 495
385 19 10
385 19 10
394 5 1743
394 19 1743
410 1 10
410 19 10
413 12 397
413 12 397
413 5 810
413 19 810
415 12 275
415 19 275
418 5 10
418 19 10
418 5 9
418 19 9
420 19 1817
420 21 1817
428 12 275
428 19 275
438 12 1866
438 19 1866
438 12 1356
438 19 1356
440 12 134
440 19 134
440 12 299
440 19 299
443 12 397
443 19 397
457 12 348
457 19 348
461 5 625
461 19 625
461 24 627
461 19 627
461 24 1933
461 19 1933
466 6 1941
466 12 1941
466 6 1942
466 12 1942
467 12 930
467 5 930
471 12 296
471 19 296
473 12 275
473 19 275
477 12 34
477 19 34
477 12 1037
477 19 1037
477 12 930
477 19 930
477 12 2
477 19 2
477 12 134
477 19 134
483 12 348
483 12 348
486 12 830
486 19 830
485 2 39
485 19 39
501 12 47
501 19 47
501 12 901
501 19 901
504 21 2075
504 6 2075
500 12 46
500 19 46
516 1 251
516 20 251
527 12 318
527 23 318
550 12 34
550 19 34
561 12 144
561 19 144
572 12 2271
572 19 2271
585 24 2318
585 19 2318
585 24 2319
585 19 2319
588 3 4
588 4 4
593 12 47
593 12 47
605 1 2318
605 19 2318
605 1 2392
605 19 2392
605 1 623
605 19 623
615 12 682
615 12 682
621 12 34
621 19 34
621 12 1037
621 19 1037
629 5 102
629 19 102
629 5 46
629 19 46
633 12 134
633 12 134
633 12 127
633 12 127
638 6 724
638 6 724
638 6 145
638 6 145
638 6 1674
638 6 1674
644 5 2188
644 5 2188
650 12 167
650 19 167
650 19 39
650 8 39
656 5 10
656 5 10
656 3 2517
656 4 2517
656 3 476
656 4 476
654 5 9
654 19 9
653 12 397
653 19 397
653 12 835
653 19 835
664 12 813
664 19 813
664 12 1728
664 19 1728
664 12 2529
664 19 2529
679 12 1487
679 19 1487
683 12 260
683 19 260
682 12 682
682 19 682
685 12 602
685 19 602
696 12 9
696 19 9
697 12 127
697 19 127
704 12 30
704 12 30
710 12 371
710 19 371
716 6 59
716 7 59
717 5 295
717 19 295
723 12 930
723 19 930
742 12 2
742 19 2
773 12 397
773 19 397
777 5 2864
777 19 2864
784 12 34
784 9 34
784 12 22
784 12 22
790 12 1945
790 4 1945
805 1 2960
805 19 2960
805 1 560
805 19 560
807 12 397
807 19 397
807 12 1846
807 19 1846
807 12 664
807 19 664
809 5 102
809 19 102
814 12 2985
814 19 2985
813 19 2990
813 19 2990
812 12 1976
812 19 1976
812 12 1848
812 19 1848
816 1 2999
816 8 2999
816 1 711
816 8 711
819 9 521
819 39 521
825 12 3036
825 12 3036
833 12 34
833 19 34
844 12 1486
844 1 1486
852 12 167
852 19 167
852 12 1335
852 19 1335
849 5 46
849 19 46
855 12 1202
855 6 1202
855 8 488
855 4 488
855 8 316
855 4 316
860 12 144
860 12 144
860 12 22
860 12 22
864 0 0
864 0 0
869 1 1392
869 19 1392
879 19 3193
879 8 3193
882 5 333
882 19 333
884 12 3208
884 12 3208
896 5 3226
896 19 3226
897 12 34
897 1 34
903 19 3254
903 19 3254
914 5 9
914 19 9
922 12 34
922 19 34
922 12 495
922 19 495
922 12 878
922 19 878
927 12 552
927 19 552
927 12 2752
927 19 2752
927 12 134
927 19 134
942 12 78
942 19 78
950 8 3403
950 6 3403
950 6 3404
950 6 3404
951 12 47
951 19 47
951 12 3407
951 19 3407
951 18 1762
951 18 1762
959 12 47
959 19 47
959 12 901
959 19 901
969 6 333
969 19 333
975 12 3478
975 19 3478
981 12 3489
981 35 3489
981 1 3490
981 35 3490
981 16 3491
981 35 3491
979 12 397
979 19 397
982 12 34
982 19 34
982 12 494
982 19 494
982 12 154
982 19 154
982 12 602
982 19 602
990 12 34
990 12 34
1000 40 3550
1000 19 3550
1003 12 741
1003 19 741
1013 12 3606
1013 12 3606
1008 5 93
1008 19 93
1016 21 1986
1016 6 1986
1019 12 46
1019 19 46
1022 12 664
1022 19 664
1026 12 154
1026 12 154
1028 12 397
1028 19 397
1032 12 275
1032 19 275
1030 12 1250
1030 12 1250
1037 12 34
1037 19 34
1043 12 47
1043 19 47
1041 5 2164
1041 19 2164
1042 12 3677
1042 12 3677
1042 12 3677
1045 12 192
1045 12 192
1048 12 38
1048 12 38
1046 5 46
1046 19 46
1049 6 3700
1049 19 3700
1050 5 3733
1050 19 3733
1058 12 930
1058 19 930
1058 12 47
1058 19 47
1061 1 3744
1061 12 3744
1061 12 3178
1061 12 3178
1066 12 3759
1066 12 3759
1065 12 664
1065 19 664
1068 12 144
1068 19 144
1068 12 22
1068 19 22
1072 12 34
1072 19 34
1074 6 3791
1074 21 3791
1074 6 379
1074 21 379
1074 6 1665
1074 35 1665
1074 6 3792
1074 35 3792
1074 6 178
1074 35 178
1074 6 3793
1074 35 3793
1080 5 10
1080 19 10
1082 24 3360
1082 19 3360
1082 12 3811
1082 19 3811
1084 5 46
1084 19 46
1090 5 250
1090 19 250
1092 6 381
1092 8 381
1091 12 2
1091 12 2
1091 12 34
1091 12 34
1095 12 739
1095 1 739
1096 12 47
1096 19 47
1102 12 740
1102 6 740
1104 12 275
1104 19 275
1104 12 3868
1104 19 3868
1106 12 144
1106 1 144
1106 12 22
1106 1 22
1107 5 816
1107 19 816
1112 12 143
1112 19 143
1110 12 9
1110 19 9
1113 6 136
1113 35 136
1113 6 125
1113 35 125
1113 6 528
1113 35 528
1134 12 239
1134 19 239
1137 12 348
1137 21 348
1137 12 682
1137 21 682
1139 12 34
1139 5 34
1139 2 196
1139 2 196
1140 1 2318
1140 19 2318
1140 1 3965
1140 19 3965
1145 12 34
1145 19 34
1145 12 2
1145 19 2
1147 35 3190
1147 19 3190
1147 35 3978
1147 19 3978
1151 12 417
1151 12 417
1152 6 436
1152 8 436
1159 5 1201
1159 19 1201
1172 12 275
1172 12 275
1172 12 276
1172 12 276
1173 12 397
1173 12 397
1171 12 348
1171 40 348
1176 6 854
1176 8 854
1187 8 19
1187 4 19
1187 8 45
1187 4 45
1187 8 148
1187 4 148
1193 5 2891
1193 19 2891
1205 12 4161
1205 19 4161
1220 12 397
1220 19 397
1220 12 595
1220 19 595
1226 12 397
1226 12 397
1223 12 4194
1223 19 4194
1227 5 4200
1227 19 4200
1227 24 3716
1227 19 3716
1227 24 4202
1227 19 4202
1227 24 2392
1227 19 2392
1227 1 1943
1227 19 1943
1216 12 682
1216 19 682
1234 0 4227
1234 19 4227
1254 2 39
1254 8 39
1252 12 682
1252 12 682
1252 12 47
1252 12 47
1263 12 664
1263 13 664
1258 12 97
1258 12 97
1258 12 97
1258 12 97
1258 12 97
1258 12 97
1258 12 97
1258 12 97
1258 12 97
1258 12 97
1258 12 97
1258 12 97
1258 12 97
1258 12 97
1258 12 97
1258 12 97
1258 12 97
1258 12 97
1258 12 97
1258 12 97
1258 12 97
1258 12 97
1258 12 97
1258 12 97
1258 12 97
1258 12 97
1258 12 97
1258 12 97
1258 12 97
1258 12 97
1258 12 97
1258 12 97
1258 12 97
1258 12 97
1258 12 97
1258 12 97
1258 12 97
1258 12 97
1258 12 97
1258 12 97
1258 12 97
1258 12 97
1258 12 97
1258 12 97
1258 12 97
1258 12 97
1258 12 97
1258 12 97
1258 12 97
1258 12 97
1258 12 97
1258 12 97
1258 12 97
1258 12 97
1258 12 97
1258 12 97
1258 12 97
1258 12 97
1258 12 97
1258 12 97
1258 12 97
1258 12 97
1258 12 97
1258 12 97
1258 12 97
1258 12 97
1258 12 97
1258 12 97
1258 12 97
1258 12 97
1258 12 97
1258 12 97
1258 12 97
1258 12 97
1258 12 97
1258 12 97
1258 12 97
1258 12 97
1258 12 97
1258 12 97
1258 12 97
1258 12 97
1258 12 97
1258 12 97
1258 12 97
1258 12 97
1258 12 97
1258 12 97
1258 12 682
1258 12 682
1264 2 39
1264 8 39
1267 5 2164
1267 19 2164
1270 12 1037
1270 19 1037
1281 24 4227
1281 19 4227
1281 24 4348
1281 19 4348
1287 19 4357
1287 19 4357
1286 0 3700
1286 2 3700
1291 12 143
1291 19 143
1292 5 161
1292 19 161
1300 12 182
1300 12 182
1311 12 34
1311 19 34
1313 12 348
1313 19 348
1318 1 4435
1318 11 4435
1319 9 396
1319 9 396
1319 9 521
1319 9 521
1316 12 22
1316 19 22
1335 12 298
1335 19 298
1334 12 134
1334 19 134
1338 12 135
1338 47 135
1349 12 104
1349 19 104
1352 5 46
1352 19 46
1354 19 161
1354 5 161
1356 12 144
1356 8 144
1356 12 22
1356 8 22
1377 12 2369
1377 6 2369
1378 0 509
1378 2 509
1392 12 2029
1392 19 2029
1395 12 47
1395 40 47
1397 12 275
1397 19 275
1402 12 275
1402 19 275
1407 12 22
1407 19 22
1409 12 4650
1409 12 4650
1409 34 178
1409 6 178
1415 2 39
1415 8 39
1418 12 417
1418 19 417
1418 12 47
1418 19 47
1423 12 1253
1423 19 1253
1432 12 397
1432 9 397
1435 6 4717
1435 21 4717
1443 12 47
1443 19 47
1445 5 9
1445 19 9
1442 5 10
1442 19 10
1442 2 164
1442 34 164
1448 12 2
1448 12 2
1450 12 2
1450 19 2
1454 12 47
1454 19 47
1459 12 2
1459 19 2
1458 12 494
1458 12 494
1461 12 275
1461 12 275
1477 6 50
1477 6 50
1479 12 763
1479 12 763
1481 5 2164
1481 6 2164
1487 5 2864
1487 19 2864
1483 11 4359
1483 19 4359
1490 12 2095
1490 19 2095
1502 6 472
1502 49 472
1507 12 9
1507 19 9
1509 12 182
1509 12 182
1509 2 372
1509 2 372
1509 6 4871
1509 6 4871
1509 6 4872
1509 6 4872
1514 5 4023
1514 19 4023
1510 12 901
1510 19 901
1517 12 47
1517 19 47
1524 12 34
1524 19 34
1524 6 2
1524 19 2
1525 24 2318
1525 19 2318
1525 19 2318
1525 8 4911
1525 4 4911
1525 8 4912
1525 4 4912
1525 8 4913
1525 4 4913
1526 5 4923
1526 19 4923
1545 12 737
1545 19 737
1545 12 127
1545 19 127
1545 12 1331
1545 19 1331
1548 5 333
1548 19 333
1549 12 263
1549 21 263
1558 12 741
1558 19 741
1557 12 5001
1557 19 5001
1557 1 5001
1564 12 34
1564 12 34
1567 5 10
1567 19 10
1576 12 30
1576 1 30
1576 2 171
1576 2 171
1576 2 5046
1576 2 5046
1573 12 298
1573 19 298
1573 12 718
1573 19 718
1583 6 3533
1583 35 3533
1590 12 102
1590 19 102
1589 12 134
1589 19 134
1589 19 134
1591 12 417
1591 12 417
1598 12 397
1598 12 397
1607 5 46
1607 19 46
1615 12 144
1615 1 144
1615 12 192
1615 1 192
1616 12 102
1616 19 102
1618 12 34
1618 12 34
1627 12 2
1627 12 2
1630 6 494
1630 12 494
1635 12 34
1635 12 34
1651 12 307
1651 19 307
1654 17 5145
1654 35 5145
1654 17 2797
1654 35 2797
1664 12 1846
1664 12 1846
1668 2 369
1668 19 369
1669 12 181
1669 12 181
1672 19 31
1672 40 31
1688 12 930
1688 12 930
1680 3 4
1680 4 4
1680 3 5303
1680 4 5303
1691 5 333
1691 19 333
1689 12 102
1689 19 102
1689 12 78
1689 19 78
1699 12 34
1699 19 34
1699 12 1037
1699 19 1037
1699 12 5342
1699 19 5342
1708 12 5356
1708 40 5356
1710 12 2667
1710 40 2667
1716 12 78
1716 2 78
1716 19 78
1719 12 724
1719 6 724
1719 34 178
1719 6 178
1719 1 5373
1719 6 5373
1721 5 9
1721 5 9
1714 5 9
1714 19 9
1720 12 5387
1720 19 5387
1720 12 620
1720 19 620
1727 12 348
1727 19 348
1728 12 221
1728 12 221
1730 1 3800
1730 12 3800
1733 1 3072
1733 12 3072
1734 5 2864
1734 19 2864
1735 5 830
1735 19 830
1739 12 2
1739 19 2
1739 3 895
1739 4 895
1739 3 5
1739 4 5
1739 3 5425
1739 4 5425
1742 5 46
1742 2 46
1766 12 397
1766 19 397
1767 2 5489
1767 12 5489
1776 5 46
1776 19 46
1796 12 282
1796 4 282
1796 12 271
1796 4 271
1799 12 144
1799 12 144
1799 12 22
1799 56 22
1803 10 5540
1803 12 5540
1803 10 1104
1803 12 1104
1809 12 22
1809 19 22
1811 12 397
1811 19 397
1827 12 34
1827 12 34
1835 12 34
1835 12 34
1835 19 34
1838 12 316
1838 4 316
1844 12 348
1844 12 348
1846 24 623
1846 19 623
1846 24 5624
1846 19 5624
1846 24 621
1846 19 621
1850 5 2605
1850 19 2605
1852 6 5654
1852 4 5654
1853 6 605
1853 2 605
1860 12 34
1860 12 34
1860 9 34
1860 12 5665
1860 56 5665
1868 12 34
1868 19 34
1870 12 2283
1870 2 2283
1889 12 239
1889 19 239
1896 12 34
1896 19 34
1898 12 3328
1898 19 3328
1898 6 580
1898 7 580
1903 12 47
1903 12 47
1914 12 275
1914 19 275
1918 12 192
1918 12 192
1929 12 34
1929 12 34
1921 12 46
1921 19 46
1927 12 34
1927 12 34
1928 12 9
1928 64 9
1939 12 134
1939 12 134
1953 5 46
1953 19 46
1953 12 47
1953 19 47
1955 5 5842
1955 19 5842
1956 12 167
1956 19 167
1958 12 901
1958 19 901
1959 20 2476
1959 4 2476
1968 12 34
1968 12 34
1968 12 154
1968 12 154
1981 12 5898
1981 64 5898
1983 5 296
1983 64 296
1978 6 381
1978 8 381
1992 19 1055
1992 12 1055
1995 12 134
1995 19 134
2003 12 2213
2003 6 2213
2003 12 348
2003 6 348
2011 0 11
2011 12 11
2018 6 5971
2018 4 5971
2016 12 4359
2016 19 4359
2024 5 333
2024 19 333
2037 5 161
2037 19 161
2039 19 10
2039 5 10
2042 24 2318
2042 19 2318
2042 19 2318
2042 24 2392
2042 19 2392
2048 6 125
2048 6 125
2051 12 6074
2051 19 6074
2051 24 621
2051 19 621
2067 12 34
2067 12 34
2073 3 316
2073 4 316
2075 5 2164
2075 19 2164
2084 5 93
2084 19 93
2092 6 264
2092 62 264
2098 6 1674
2098 35 1674
2098 6 2728
2098 35 2728
2098 7 40
2098 35 40
2101 1 239
2101 19 239
2105 12 34
2105 19 34
2105 12 181
2105 19 181
2110 12 6179
2110 9 6179
2123 6 178
2123 35 178
2126 12 167
2126 64 167
2125 5 3031
2125 5 3031
2125 5 560
2125 5 560
2130 12 6229
2130 19 6229
2136 12 282
2136 43 282
2136 12 271
2136 43 271
2165 12 470
2165 21 470
2179 12 417
2179 12 417
2179 9 239
2179 12 239
2185 5 46
2185 19 46
2180 5 46
2180 19 46
2190 6 938
2190 6 938
2189 12 260
2189 19 260
2191 5 4359
2191 19 4359
2198 5 296
2198 19 296
2200 1 184
2200 19 184
2203 12 739
2203 12 739
2203 12 466
2203 19 466
2199 5 10
2199 19 10
2209 5 2164
2209 64 2164
2209 3 5
2209 4 5
2215 12 2
2215 12 2
2215 12 34
2215 12 34
2221 12 47
2221 19 47
2223 6 3700
2223 19 3700
2225 12 466
2225 12 466
2222 8 6425
2222 4 6425
2230 12 22
2230 19 22
2230 8 22
2230 19 144
2230 8 144
2233 2 39
2233 8 39
2238 8 598
2238 4 598
2250 12 260
2250 68 260
2247 2 35
2247 65 35
2252 19 10
2252 19 10
2254 5 10
2254 5 10
2262 12 2261
2262 35 2261
2262 6 125
2262 35 125
2262 35 125
2260 2 29
2260 2 29
2265 12 494
2265 12 494
2271 12 34
2271 64 34
2271 12 495
2271 64 495
2271 6 135
2271 6 135
2270 12 260
2270 19 260
2274 12 2
2274 19 2
2274 12 6513
2274 19 6513
2274 12 1
2274 19 1
2269 12 260
2269 19 260
2273 5 46
2273 19 46
2277 12 104
2277 40 104
2277 12 351
2277 40 351
2276 2 556
2276 2 556
2276 2 196
2276 2 196
2281 12 396
2281 9 396
2290 12 396
2290 9 396
2292 12 560
2292 19 560
2289 5 625
2289 19 625
2300 5 9
2300 19 9
2307 12 623
2307 19 623
2309 12 144
2309 8 144
2309 12 22
2309 8 22
2310 12 34
2310 12 34
2313 5 2864
2313 19 2864
2312 1 213
2312 6 213
2340 12 2494
2340 19 2494
2344 12 801
2344 19 801
2345 12 2261
2345 68 2261
2346 5 2188
2346 54 2188
2352 12 466
2352 68 466
2352 12 739
2352 68 739
2362 12 1260
2362 6 1260
2359 12 2
2359 12 2
2370 24 620
2370 19 620
2370 24 2392
2370 19 2392
2370 24 621
2370 19 621
2370 24 623
2370 19 623
2368 12 6689
2368 47 6689
2374 12 417
2374 12 417
2373 5 1202
2373 64 1202
2373 12 3147
2373 8 3147
2381 12 78
2381 19 78
2379 12 22
2379 19 22
2386 12 134
2386 19 134
2395 11 6743
2395 20 6743
2396 5 10
2396 19 10
2400 5 6748
2400 19 6748
2404 5 3361
2404 19 3361
2403 2 39
2403 19 39
2415 12 34
2415 19 34
2417 5 296
2417 64 296
2417 6 6800
2417 6 6800
2417 6 6800
2417 6 6800
2417 6 6800
2417 6 6802
2417 6 6802
2417 6 6802
2417 6 6802
2417 6 6802
2417 6 6802
2417 6 6802
2417 6 6802
2417 6 6802
2417 6 6802
2417 6 6802
2417 6 6802
2417 6 6802
2417 6 6802
2417 6 6802
2417 6 6803
2417 6 6803
2417 6 6803
2417 6 6803
2417 6 6803
2417 6 6803
2417 6 6803
2417 6 6803
2417 6 6803
2417 6 6803
2417 6 6803
2417 6 6803
2417 6 6803
2417 6 6803
2417 6 6803
2417 6 6804
2417 6 6804
2417 6 6804
2417 6 6804
2417 6 6804
2417 6 6804
2417 6 6804
2417 6 6804
2417 6 6804
2417 6 6804
2417 6 6804
2417 6 6804
2417 6 6804
2417 6 6804
2417 6 6804
2417 6 6808
2417 6 6808
2417 6 6808
2417 6 6808
2417 6 6809
2417 6 6809
2417 6 6809
2417 6 5805
2417 6 5805
2417 6 5805
2417 6 5805
2417 6 6810
2417 6 6810
2417 6 6810
2417 6 6810
2417 6 2087
2417 6 2087
2417 6 2087
2417 6 2087
2417 6 1941
2417 6 1941
2417 6 1118
2417 6 1118
2421 6 2339
2421 35 2339
2430 5 625
2430 19 625
2445 12 22
2445 1 22
2454 12 2
2454 19 2
2454 12 134
2454 19 134
2466 12 4033
2466 64 4033
2466 12 275
2466 64 275
2464 12 348
2464 19 348
2473 19 1718
2473 76 1718
2473 19 1717
2473 20 1717
2473 19 5058
2473 20 5058
2473 19 6896
2473 19 6896
2491 5 298
2491 19 298
2498 24 2318
2498 19 2318
2498 19 2318
2498 19 3190
2498 19 3190
2500 12 95
2500 68 95
2500 12 901
2500 68 901
2502 24 621
2502 19 621
2508 35 3398
2508 6 3398
2512 12 6827
2512 4 6827
2512 12 3941
2512 4 3941
2512 8 655
2512 4 655
2521 12 741
2521 19 741
2529 12 134
2529 19 134
2535 12 34
2535 19 34
2536 2 39
2536 8 39
2536 6 135
2536 8 135
2537 12 1348
2537 19 1348
2537 6 207
2537 65 207
2541 12 192
2541 12 192
2538 6 6053
2538 35 6053
2538 6 3398
2538 35 3398
2538 6 125
2538 35 125
2547 1 1513
2547 43 1513
2550 12 397
2550 12 397
2556 24 7090
2556 24 7090
2556 19 7090
2571 12 275
2571 12 275
2579 12 181
2579 19 181
2582 5 9
2582 64 9
2590 5 2164
2590 76 2164
2590 5 2598
2590 76 2598
2590 6 1055
2590 12 1055
2590 6 7147
2590 12 7147
2594 12 167
2594 19 167
2598 12 22
2598 19 22
2588 12 34
2588 19 34
2605 12 47
2605 12 47
2616 24 5387
2616 19 5387
2616 24 620
2616 19 620
2616 24 2392
2616 19 2392
2616 24 1486
2616 19 1486
2623 12 34
2623 12 34
2633 12 34
2633 19 34
2636 5 9
2636 19 9
2642 5 1717
2642 5 1717
2652 12 740
2652 19 740
2661 5 741
2661 19 741
2663 1 563
2663 12 563
2663 1 3744
2663 12 3744
2667 12 2
2667 12 2
2667 12 34
2667 12 34
2675 12 7281
2675 6 7281
2675 12 7282
2675 6 7282
2673 12 7285
2673 12 7285
2673 5 7286
2673 19 7286
2678 12 740
2678 12 740
2678 19 740
2676 12 6230
2676 19 6230
2680 12 47
2680 19 47
2690 12 127
2690 78 127
2689 12 1037
2689 12 1037
2689 19 1037
2693 12 31
2693 12 31
2698 12 144
2698 19 144
2698 12 211
2698 19 211
2697 5 3298
2697 19 3298
2700 12 348
2700 12 348
2700 12 212
2700 12 212
2699 12 429
2699 19 429
2712 12 397
2712 19 397
2712 12 901
2712 19 901
2717 12 275
2717 19 275
2720 12 167
2720 12 167
2726 5 1718
2726 12 1718
2727 12 930
2727 19 930
2728 12 22
2728 12 22
2738 12 930
2738 12 930
2744 2 7412
2744 2 7412
2744 63 7413
2744 63 7413
2744 2 7414
2744 2 7414
2744 2 7415
2744 2 7415
2746 12 2333
2746 12 2333
2753 12 6706
2753 20 6706
2753 12 7439
2753 20 7439
2753 12 7440
2753 20 7440
2758 12 47
2758 64 47
2758 12 95
2758 64 95
2772 12 2
2772 12 2
2777 12 1651
2777 68 1651
2777 12 664
2777 68 664
2789 12 429
2789 19 429
2788 12 95
2788 35 95
2791 12 2
2791 68 2
2796 12 7523
2796 19 7523
2806 12 901
2806 12 901
2806 19 901
2827 12 1253
2827 19 1253
2827 12 34
2827 19 34
2828 12 34
2828 19 34
2831 12 102
2831 19 102
2830 12 790
2830 19 790
2835 12 22
2835 12 22
2835 12 601
2835 12 601
2835 12 95
2835 12 95
2844 12 396
2844 9 396
2845 12 274
2845 5 274
2846 12 167
2846 19 167
2851 12 47
2851 19 47
2841 20 3018
2841 4 3018
2841 20 6011
2841 4 6011
2853 12 34
2853 19 34
2860 2 39
2860 8 39
2863 12 348
2863 19 348
2863 12 1728
2863 19 1728
2869 12 95
2869 12 95
2869 12 682
2869 12 682
2866 12 2
2866 12 2
2876 12 275
2876 19 275
2872 12 885
2872 19 885
2881 12 7696
2881 12 7696
2883 12 901
2883 19 901
2888 6 50
2888 1 50
2899 5 1201
2899 19 1201
2908 12 397
2908 19 397
2914 12 7761
2914 6 7761
2918 5 4248
2918 19 4248
2931 34 92
2931 6 92
2932 12 22
2932 68 22
2932 12 1349
2932 68 1349
2938 12 144
2938 8 144
2938 2 382
2938 2 382
2945 12 682
2945 12 682
2945 12 47
2945 12 47
2948 12 2
2948 19 2
2953 6 39
2953 8 39
2953 6 2646
2953 8 2646
2963 6 135
2963 6 135
2965 5 5893
2965 19 5893
2968 12 22
2968 19 22
2973 12 275
2973 19 275
2973 6 178
2973 6 178
2980 5 741
2980 19 741
2984 12 167
2984 19 167
2988 5 560
2988 19 560
2994 12 34
2994 19 34
2994 12 2
2994 19 2
2997 5 7915
2997 12 7915
3003 12 192
3003 12 192
3012 5 10
3012 19 10
3021 12 275
3021 12 275
3021 19 275
3023 12 2
3023 19 2
3023 12 1653
3023 19 1653
3024 2 46
3024 19 46
3030 12 47
3030 19 47
3031 12 1875
3031 19 1875
3033 12 2
3033 19 2
3034 8 316
3034 4 316
3041 6 6408
3041 35 6408
3041 6 49
3041 35 49
3043 5 10
3043 19 10
3047 12 375
3047 19 375
3051 5 1201
3051 19 1201
3049 5 333
3049 19 333
3056 12 2
3056 64 2
3062 5 46
3062 19 46
3060 3 5
3060 4 5
3063 4 2203
3063 8 2203
3063 4 1064
3063 8 1064
3077 5 9
3077 19 9
3084 3 4
3084 4 4
3084 3 1181
3084 4 1181
3087 12 8091
3087 6 8091
3094 12 2
3094 12 2
3092 19 10
3092 76 10
3102 12 38
3102 12 38
3107 19 10
3107 19 10
3109 19 2
3109 19 2
3116 5 717
3116 6 717
3119 6 50
3119 6 50
3122 5 102
3122 19 102
3126 12 369
3126 19 369
3124 12 34
3124 12 34
3134 12 239
3134 19 239
3132 12 34
3132 19 34
3136 5 10
3136 19 10
3149 12 134
3149 19 134
3152 19 504
3152 8 504
3153 12 47
3153 1 47
3153 19 47
3158 19 10
3158 19 10
3168 5 560
3168 19 560
3168 1 2718
3168 19 2718
3168 1 1509
3168 19 1509
3166 19 39
3166 8 39
3165 5 8224
3165 19 8224
3145 12 22
3145 8 22
3145 12 46
3145 19 46
3178 5 10
3178 19 10
3187 5 102
3187 76 102
3187 5 333
3187 76 333
3187 12 8263
3187 40 8263
3187 12 8232
3187 40 8232
3194 12 34
3194 12 34
3194 2 39
3194 8 39
3202 1 8283
3202 19 8283
3197 5 369
3197 19 369
3197 5 2864
3197 19 2864
3215 2 369
3215 19 369
3221 12 47
3221 19 47
3223 12 34
3223 19 34
3224 6 1835
3224 35 1835
3224 6 341
3224 21 341
3224 2 29
3224 2 29
3228 5 338
3228 19 338
3244 5 3479
3244 19 3479
3253 1 154
3253 19 154
3254 6 41
3254 6 41
3249 19 10
3249 19 10
3256 12 2
3256 19 2
3268 12 154
3268 68 154
3273 12 1
3273 12 1
3274 5 10
3274 19 10
3288 12 1445
3288 24 1445
3288 5 625
3288 19 625
3289 12 1436
3289 4 1436
3294 12 397
3294 9 397
3293 12 397
3293 12 397
3299 21 8475
3299 6 8475
3316 3 905
3316 4 905
3316 3 734
3316 4 734
3328 12 397
3328 76 397
3334 12 1037
3334 19 1037
3334 12 34
3334 19 34
3334 12 351
3334 19 351
3334 12 8533
3334 19 8533
3334 12 2
3334 19 2
3334 12 134
3334 19 134
3332 12 1389
3332 4 1389
3338 12 239
3338 19 239
3335 12 34
3335 12 34
3340 12 154
3340 19 154
3345 12 5387
3345 19 5387
3345 19 5387
3345 12 8552
3345 19 8552
3349 1 2696
3349 1 2696
3350 12 30
3350 8 30
3352 12 34
3352 12 34
3358 12 602
3358 19 602
3358 12 1849
3358 19 1849
3358 12 1487
3358 19 1487
3359 5 10
3359 19 10
3369 1 8592
3369 19 8592
3367 12 34
3367 19 34
3372 12 557
3372 12 557
3372 6 39
3372 19 39
3376 5 166
3376 19 166
3378 5 296
3378 19 296
3381 5 498
3381 19 498
3407 12 8667
3407 1 8667
3412 12 397
3412 12 397
3424 12 22
3424 19 22
3432 12 275
3432 12 275
3433 5 46
3433 19 46
3431 5 9
3431 19 9
3438 12 2412
3438 21 2412
3442 5 3700
3442 12 3700
3435 5 9
3435 19 9
3445 12 260
3445 19 260
3455 12 282
3455 1 282
3461 12 34
3461 12 34
3456 12 30
3456 19 30
3463 19 2289
3463 19 2289
3459 12 397
3459 19 397
3467 12 2439
3467 19 2439
3467 12 3228
3467 19 3228
3466 12 22
3466 19 22
3474 12 22
3474 19 22
3482 12 34
3482 19 34
3482 12 738
3482 19 738
3482 12 2
3482 19 2
3488 12 7710
3488 12 7710
3483 12 93
3483 64 93
3500 12 144
3500 68 144
3500 6 145
3500 6 145
3500 6 1357
3500 6 1357
3500 2 29
3500 2 29
3500 2 372
3500 2 372
3509 5 46
3509 19 46
3515 12 34
3515 19 34
3515 12 167
3515 40 167
3515 19 167
3515 5 10
3515 19 10
3514 12 2
3514 12 2
3529 5 9
3529 19 9
3539 12 3677
3539 20 3677
3539 12 348
3539 20 348
3538 19 39
3538 8 39
3542 12 34
3542 12 34
3555 12 8924
3555 6 8924
3558 12 34
3558 12 34
3566 24 2318
3566 19 2318
3566 24 2392
3566 19 2392
3570 12 260
3570 19 260
3571 12 397
3571 19 397
3573 12 275
3573 19 275
3584 6 8976
3584 35 8976
3584 1 8977
3584 35 8977
3584 34 178
3584 35 178
3593 12 4033
3593 19 4033
3595 12 9
3595 12 9
3595 19 9
3601 24 3360
3601 19 3360
3601 24 9000
3601 19 9000
3601 20 6074
3601 19 6074
3608 19 10
3608 19 10
3613 12 9014
3613 64 9014
3613 12 9015
3613 64 9015
3613 12 9016
3613 64 9016
3619 5 46
3619 19 46
3625 12 397
3625 19 397
3634 5 46
3634 19 46
3635 12 2
3635 12 2
3645 12 144
3645 8 144
3645 12 22
3645 8 22
3642 12 144
3642 12 144
3642 12 22
3642 12 22
3650 12 791
3650 19 791
3652 5 4359
3652 19 4359
3656 12 397
3656 19 397
3662 2 592
3662 2 592
3662 2 947
3662 2 947
3665 5 10
3665 19 10
3669 12 47
3669 19 47
3675 6 8902
3675 8 8902
3683 12 397
3683 64 397
3694 12 466
3694 12 466
3695 5 161
3695 19 161
3697 12 466
3697 12 466
3705 12 459
3705 19 459
3712 12 144
3712 19 144
3709 12 134
3709 19 134
3717 5 5893
3717 19 5893
3724 12 2333
3724 19 2333
3724 12 364
3724 19 364
3722 1 3942
3722 12 3942
3726 5 625
3726 19 625
3734 12 466
3734 68 466
3734 12 167
3734 68 167
3741 12 212
3741 19 212
3751 12 34
3751 68 34
3753 6 1470
3753 49 1470
3755 12 494
3755 19 494
3754 12 275
3754 12 275
3769 12 1825
3769 68 1825
3771 12 134
3771 64 134
3778 12 397
3778 12 397
3783 12 144
3783 12 144
3783 12 22
3783 12 22
3794 12 181
3794 19 181
3794 12 2
3794 19 2
3794 12 429
3794 19 429
3816 12 181
3816 12 181
3842 6 712
3842 8 712
3842 24 351
3842 19 351
3841 6 2935
3841 35 2935
3841 6 9374
3841 35 9374
3841 6 9375
3841 21 9375
3845 35 739
3845 24 739
3845 35 2926
3845 24 2926
3848 12 46
3848 19 46
3854 6 72
3854 6 72
3854 6 215
3854 6 215
3854 6 9391
3854 6 9391
3849 12 495
3849 12 495
3849 6 932
3849 63 932
3849 6 4503
3849 49 4503
3849 6 4502
3849 65 4502
3859 12 397
3859 12 397
3859 12 397
3856 12 134
3856 19 134
3862 12 167
3862 19 167
3862 12 2
3862 19 2
3864 12 22
3864 12 22
3867 12 34
3867 68 34
3874 12 22
3874 12 22
3869 5 46
3869 19 46
3879 12 429
3879 19 429
3879 6 5076
3879 26 5076
3877 12 697
3877 19 697
3877 12 26
3877 19 26
3877 12 397
3877 19 397
3909 2 39
3909 8 39
3904 12 397
3904 12 397
3907 19 10
3907 19 10
3917 12 459
3917 19 459
3923 5 5893
3923 19 5893
3921 19 93
3921 76 93
3937 12 682
3937 24 682
3937 12 30
3937 24 30
3946 5 102
3946 19 102
3946 12 740
3946 12 740
3949 5 3070
3949 19 3070
3949 12 739
3949 19 739
3954 5 9573
3954 19 9573
3959 12 397
3959 19 397
3974 12 47
3974 19 47
3971 5 93
3971 19 93
3977 12 34
3977 12 34
3982 12 3677
3982 19 3677
3994 12 144
3994 19 144
3994 12 225
3994 19 225
3996 12 144
3996 12 144
3996 8 144
4001 6 4547
4001 8 4547
4001 12 697
4001 19 697
4002 12 397
4002 12 397
4002 12 835
4002 12 835
4011 12 260
4011 35 260
4020 12 901
4020 19 901
4022 11 2443
4022 20 2443
4023 12 739
4023 12 739
4036 12 459
4036 19 459
4052 12 9740
4052 19 9740
4052 12 9741
4052 19 9741
4066 12 34
4066 19 34
4073 12 397
4073 19 397
4083 12 34
4083 12 34
4086 12 167
4086 19 167
4089 1 3744
4089 12 3744
4096 12 34
4096 9 34
4096 12 181
4096 9 181
4100 12 39
4100 19 39
4100 12 6383
4100 19 6383
4104 12 7311
4104 12 7311
4105 1 39
4105 8 39
4113 12 9
4113 76 9
4118 0 11
4118 6 11
4128 2 242
4128 2 242
4128 6 1500
4128 6 1500
4128 6 50
4128 6 50
4127 12 34
4127 12 34
4131 12 466
4131 12 466
4141 19 3894
4141 92 3894
4141 19 9906
4141 92 9906
4141 19 3811
4141 92 3811
4147 12 181
4147 9 181
4145 73 9916
4145 65 9916
4145 73 9917
4145 65 9917
4149 1 9937
4149 6 9937
4149 24 9938
4149 6 9938
4166 12 466
4166 19 466
4166 12 397
4166 19 397
4184 5 3031
4184 64 3031
4188 9 9997
4188 63 9997
4191 12 595
4191 19 595
4203 12 739
4203 1 739
4214 12 348
4214 19 348
4224 12 2
4224 68 2
4224 2 39
4224 8 39
4224 12 192
4224 68 192
4227 12 542
4227 12 542
4244 12 34
4244 19 34
4257 12 166
4257 19 166
4257 12 9
4257 19 9
4258 12 192
4258 63 192
4263 12 34
4263 12 34
4263 64 34
4264 5 166
4264 19 166
4265 12 7526
4265 19 7526
4270 12 275
4270 12 275
4270 12 333
4270 19 333
4276 12 10150
4276 19 10150
4281 12 397
4281 19 397
4285 12 595
4285 19 595
4285 12 3524
4285 19 3524
4285 12 364
4285 19 364
4291 12 34
4291 19 34
4290 2 39
4290 8 39
4292 12 682
4292 68 682
4298 12 275
4298 19 275
4296 5 297
4296 19 297
4300 12 83
4300 64 83
4304 12 466
4304 19 466
4308 12 46
4308 19 46
4310 12 9682
4310 19 9682
4315 12 2333
4315 19 2333
4315 12 495
4315 19 495
4315 12 127
4315 19 127
4315 12 363
4315 19 363
4320 12 239
4320 19 239
4325 18 10164
4325 18 10164
4325 6 146
4325 35 146
4342 12 417
4342 12 417
4340 24 621
4340 19 621
4340 24 623
4340 19 623
4362 5 46
4362 19 46
4362 2 592
4362 63 592
4355 12 34
4355 14 34
4363 12 601
4363 68 601
4364 12 375
4364 6 375
4371 0 11
4371 59 11
4373 12 275
4373 12 275
4376 12 275
4376 19 275
4380 12 34
4380 19 34
4380 12 930
4380 19 930
4380 12 3167
4380 19 3167
4379 12 34
4379 19 34
4386 12 2
4386 19 2
4386 12 930
4386 19 930
4386 12 78
4386 19 78
4385 12 167
4385 19 167
4385 12 348
4385 19 348
4385 12 1260
4385 19 1260
4385 12 1071
4385 19 1071
4385 12 300
4385 19 300
4400 2 39
4400 8 39
4399 8 316
4399 4 316
4404 12 22
4404 68 22
4404 12 192
4404 68 192
4409 12 341
4409 6 341
4417 12 494
4417 12 494
4431 12 30
4431 12 30
4431 12 351
4431 12 351
4428 12 34
4428 12 34
4433 5 10
4433 19 10
4438 12 595
4438 12 595
4439 2 1833
4439 2 1833
4449 12 1126
4449 12 1126
4453 1 680
4453 20 680
4459 12 144
4459 19 144
4459 12 47
4459 19 47
4456 12 46
4456 19 46
4461 12 2
4461 19 2
4465 12 363
4465 19 363
4474 19 274
4474 19 274
4474 24 8080
4474 19 8080
4476 8 829
4476 4 829
4476 8 10483
4476 4 10483
4479 12 275
4479 64 275
4484 5 2164
4484 19 2164
4487 5 296
4487 64 296
4509 11 4359
4509 23 4359
4511 1 3942
4511 47 3942
4511 1 10539
4511 47 10539
4511 1 1074
4511 47 1074
4511 4 3285
4511 4 3285
4512 12 5565
4512 12 5565
4515 12 397
4515 19 397
4521 12 5319
4521 79 5319
4530 12 34
4530 19 34
4530 8 10567
4530 20 10567
4537 12 4359
4537 19 4359
4538 12 34
4538 12 34
4552 5 333
4552 19 333
4557 19 2
4557 19 2
4561 12 127
4561 12 127
4558 12 34
4558 12 34
4570 5 10326
4570 12 10326
4570 12 10631
4570 92 10631
4587 5 9
4587 76 9
4593 12 1275
4593 12 1275
4596 6 29
4596 2 29
4596 6 39
4596 8 39
4608 5 296
4608 19 296
4613 12 34
4613 19 34
4617 12 5159
4617 68 5159
4617 12 2507
4617 68 2507
4633 5 333
4633 19 333
4645 6 915
4645 6 915
4646 12 2098
4646 19 2098
4654 12 2032
4654 12 2032
4665 4 10788
4665 4 10788
4665 4 10788
4663 5 9
4663 19 9
4683 12 34
4683 19 34
4683 19 34
4693 12 901
4693 19 901
4688 12 740
4688 68 740
4696 12 2
4696 12 2
4708 5 46
4708 19 46
4706 12 213
4706 49 213
4710 12 371
4710 64 371
4710 12 127
4710 64 127
4715 12 167
4715 19 167
4717 81 271
4717 56 271
4717 81 270
4717 56 270
4735 12 10889
4735 19 10889
4735 12 1486
4735 19 1486
4730 12 396
4730 9 396
4743 12 1348
4743 43 1348
4738 12 417
4738 68 417
4738 12 95
4738 68 95
4747 5 10
4747 64 10
4747 6 35
4747 91 35
4756 12 144
4756 68 144
4756 12 22
4756 68 22
4754 12 5950
4754 12 5950
4763 5 10
4763 19 10
4770 1 351
4770 1 351
4785 5 4490
4785 76 4490
4790 12 397
4790 19 397
4794 12 34
4794 19 34
4800 12 10979
4800 19 10979
4799 6 752
4799 7 752
4805 24 621
4805 19 621
4810 5 93
4810 19 93
4809 12 682
4809 19 682
4818 12 47
4818 19 47
4816 5 10
4816 19 10
4816 5 120
4816 19 120
4817 68 3919
4817 68 3919
4826 5 10
4826 19 10
4840 2 39
4840 19 39
4840 5 10
4840 19 10
4843 12 351
4843 19 351
4857 5 250
4857 19 250
4860 1 11071
4860 6 11071
4859 6 1717
4859 19 1717
4865 12 830
4865 19 830
4867 6 39
4867 8 39
4867 1 710
4867 8 710
4869 64 10
4869 19 10
4870 12 2
4870 19 2
4870 12 5709
4870 19 5709
4877 12 2
4877 19 2
4878 12 30
4878 6 30
4879 12 102
4879 19 102
4882 12 2
4882 12 2
4894 12 34
4894 12 34
4893 12 144
4893 68 144
4884 12 682
4884 92 682
4884 12 97
4884 92 97
4884 12 95
4884 92 95
4904 5 4359
4904 19 4359
4907 12 134
4907 1 134
4907 12 244
4907 1 244
4913 12 397
4913 12 397
4919 5 2164
4919 19 2164
4918 5 10
4918 64 10
4921 5 9
4921 19 9
4923 12 34
4923 12 34
4930 12 1308
4930 19 1308
4935 19 318
4935 19 318
4938 12 144
4938 12 144
4938 12 22
4938 12 22
4940 12 1989
4940 6 1989
4944 12 930
4944 19 930
4958 8 4901
4958 4 4901
4961 12 102
4961 19 102
4973 6 39
4973 8 39
4979 12 351
4979 19 351
4976 5 46
4976 19 46
4980 12 429
4980 68 429
4982 12 397
4982 19 397
4982 12 397
4998 12 1976
4998 10 1976
4998 12 222
4998 10 222
4999 5 46
4999 19 46
5000 5 46
5000 19 46
5007 5 166
5007 19 166
5015 12 1
5015 12 1
5013 4 196
5013 2 196
5022 12 34
5022 12 34
5041 12 1625
5041 4 1625
5041 12 361
5041 4 361
5049 12 34
5049 19 34
5053 12 2
5053 19 2
5057 12 47
5057 19 47
5055 12 134
5055 19 134
5055 12 363
5055 19 363
5063 35 3398
5063 35 3398
5067 8 39
5067 8 39
5075 5 4248
5075 19 4248
5080 19 10
5080 76 10
5079 24 11477
5079 43 11477
5079 24 11478
5079 43 11478
5087 12 34
5087 12 34
5087 19 34
5101 7 580
5101 77 580
5105 12 34
5105 19 34
5112 8 367
5112 4 367
5116 12 9
5116 19 9
5115 12 34
5115 19 34
5115 6 39
5115 8 39
5122 12 11117
5122 12 11117
5122 12 2959
5122 12 2959
5124 12 47
5124 19 47
5128 12 741
5128 9 741
5128 12 2510
5128 9 2510
5134 12 275
5134 19 275
5142 84 595
5142 64 595
5147 12 39
5147 19 39
5152 5 741
5152 19 741
5154 12 2
5154 19 2
5160 5 7118
5160 19 7118
5165 12 34
5165 12 34
5165 19 34
5167 12 221
5167 19 221
5170 12 466
5170 12 466
5176 24 300
5176 6 300
5176 24 263
5176 6 263
5175 12 4585
5175 12 4585
5175 12 4585
5175 12 429
5175 12 429
5186 6 135
5186 47 135
5186 6 1015
5186 47 1015
5188 12 9
5188 19 9
5190 12 22
5190 64 22
5190 12 930
5190 64 930
5178 12 351
5178 19 351
5193 5 10
5193 19 10
5191 12 134
5191 19 134
5198 61 8592
5198 19 8592
5205 21 1958
5205 12 1958
5205 21 47
5205 12 47
5206 12 6758
5206 12 6758
5207 12 1063
5207 4 1063
5207 12 316
5207 4 316
5228 84 640
5228 19 640
5230 5 295
5230 1 295
5230 76 295
5230 6 880
5230 2 880
5231 12 275
5231 19 275
5233 12 2
5233 12 2
5238 1 34
5238 12 34
5240 68 39
5240 68 39
5240 2 592
5240 2 592
5240 12 348
5240 12 348
5240 68 348
5240 12 466
5240 68 466
5243 12 2960
5243 19 2960
5249 12 4731
5249 6 4731
5249 12 4984
5249 6 4984
5251 12 2959
5251 19 2959
5262 12 417
5262 19 417
5261 6 11749
5261 20 11749
5260 19 2
5260 19 2
5263 12 102
5263 19 102
5263 12 684
5263 12 684
5269 12 3496
5269 50 3496
5280 12 46
5280 19 46
5280 12 3587
5280 19 3587
5280 12 2646
5280 19 2646
5284 12 5233
5284 19 5233
5284 12 10876
5284 19 10876
5294 3 4
5294 4 4
5297 12 135
5297 19 135
5297 12 167
5297 19 167
5301 12 260
5301 19 260
5301 12 197
5301 19 197
5306 12 34
5306 76 34
5313 12 2
5313 64 2
5315 12 95
5315 92 95
5324 5 102
5324 19 102
5336 12 901
5336 19 901
5336 12 11884
5336 19 11884
5336 12 11885
5336 19 11885
5335 12 34
5335 19 34
5331 1 107
5331 6 107
5331 1 462
5331 6 462
5344 1 9275
5344 90 9275
5350 12 1062
5350 4 1062
5350 12 2545
5350 4 2545
5350 12 1520
5350 4 1520
5369 12 397
5369 19 397
5370 5 560
5370 76 560
5372 5 11951
5372 19 11951
5377 1 214
5377 6 214
5377 1 184
5377 6 184
5378 12 1055
5378 8 1055
5387 12 260
5387 19 260
5400 1 4194
5400 12 4194
5395 5 46
5395 19 46
5394 12 34
5394 42 34
5403 5 5893
5403 19 5893
5408 12 239
5408 12 239
5407 12 2
5407 12 2
5407 6 2004
5407 35 2004
5413 12 466
5413 21 466
5414 24 620
5414 19 620
5414 24 2609
5414 19 2609
5414 24 5387
5414 19 5387
5415 12 2611
5415 19 2611
5416 12 2929
5416 76 2929
5416 43 12016
5416 12 12016
5425 12 34
5425 12 34
5431 6 1493
5431 6 1493
5443 12 34
5443 12 34
5447 5 10
5447 19 10
5456 1 4194
5456 12 4194
5462 12 167
5462 19 167
5449 5 741
5449 19 741
5470 12 429
5470 19 429
5478 12 2
5478 12 2
5481 12 1036
5481 68 1036
5493 12 396
5493 9 396
5493 12 397
5493 9 397
5493 2 125
5493 6 125
5503 12 1
5503 12 1
5503 6 381
5503 8 381
5507 12 930
5507 12 930
5507 12 12169
5507 6 12169
5510 2 39
5510 19 39
5515 12 397
5515 84 397
5519 12 7189
5519 19 7189
5526 12 397
5526 19 397
5526 12 835
5526 19 835
5526 12 2969
5526 19 2969
5526 12 1348
5526 19 1348
5532 12 397
5532 9 397
5529 12 34
5529 19 34
5530 1 803
5530 8 803
5534 12 2
5534 19 2
5539 6 381
5539 21 381
5539 6 9988
5539 21 9988
5539 6 125
5539 35 125
5544 5 9
5544 19 9
5561 12 296
5561 19 296
5565 1 1640
5565 8 1640
5572 12 275
5572 19 275
5578 12 3942
5578 8 3942
5584 12 2
5584 12 2
5581 24 134
5581 1 134
5581 24 1287
5581 1 1287
5581 24 1
5581 1 1
5590 50 12292
5590 40 12292
5595 20 12303
5595 19 12303
5603 12 2333
5603 1 2333
5607 1 4194
5607 19 4194
5611 12 1
5611 21 1
5612 12 8408
5612 12 8408
5627 5 9
5627 76 9
5626 12 12352
5626 6 12352
5626 12 47
5626 6 47
5631 12 2985
5631 19 2985
5631 12 12356
5631 19 12356
5635 12 144
5635 40 144
5635 12 225
5635 40 225
5639 12 275
5639 19 275
5642 24 623
5642 19 623
5654 2 372
5654 2 372
5653 12 12407
5653 35 12407
5653 12 192
5653 35 192
5668 5 161
5668 19 161
5670 6 3721
5670 19 3721
5673 12 901
5673 64 901
5673 12 12446
5673 64 12446
5677 12 12454
5677 12 12454
5680 12 239
5680 19 239
5680 12 127
5680 19 127
5683 12 554
5683 2 554
5689 12 855
5689 19 855
5698 12 34
5698 12 34
5703 12 34
5703 9 34
5705 12 3932
5705 19 3932
5713 12 47
5713 19 47
5724 12 501
5724 6 501
5727 12 2
5727 68 2
5729 12 34
5729 19 34
5729 12 495
5729 19 495
5733 12 3606
5733 19 3606
5735 5 93
5735 19 93
5736 12 47
5736 24 47
5736 12 12528
5736 24 12528
5736 12 740
5736 24 740
5753 12 144
5753 19 144
5753 12 22
5753 19 22
5751 12 616
5751 6 616
5762 19 10
5762 64 10
5767 12 740
5767 6 740
5768 12 10326
5768 5 10326
5797 12 397
5797 12 397
5790 12 632
5790 6 632
5803 5 46
5803 5 46
5803 12 144
5803 5 144
5800 0 3907
5800 2 3907
5806 5 9
5806 19 9
5817 12 2
5817 6 2
5821 12 12631
5821 12 12631
5836 12 143
5836 19 143
5843 1 12679
5843 21 12679
5843 1 12680
5843 21 12680
5851 6 50
5851 6 50
5868 5 296
5868 19 296
5871 12 474
5871 6 474
5873 12 1335
5873 19 1335
5877 5 46
5877 19 46
5882 12 22
5882 8 22
5886 12 34
5886 19 34
5896 12 167
5896 19 167
5896 12 791
5896 19 791
5896 12 127
5896 19 127
5898 12 182
5898 12 182
5906 5 2165
5906 19 2165
5907 5 161
5907 19 161
5911 12 397
5911 12 397
5920 3 5
5920 4 5
5920 3 895
5920 4 895
5929 21 2
5929 12 2
5929 21 34
5929 12 34
5929 35 348
5929 12 348
5937 12 12812
5937 19 12812
5937 12 2333
5937 19 2333
5938 12 9
5938 19 9
5944 12 12824
5944 19 12824
5944 6 659
5944 77 659
5944 6 80
5944 77 80
5944 6 178
5944 35 178
5944 6 3891
5944 35 3891
5944 6 926
5944 35 926
5944 6 4045
5944 21 4045
5944 7 40
5944 35 40
5944 6 12825
5944 35 12825
5948 5 10
5948 19 10
5953 12 3894
5953 19 3894
5953 19 3894
5953 12 3360
5953 19 3360
5951 12 601
5951 40 601
5958 2 166
5958 19 166
5969 5 102
5969 19 102
5970 12 6179
5970 19 6179
5964 5 10
5964 19 10
5974 12 151
5974 1 151
5974 2 39
5974 19 39
5976 12 143
5976 19 143
5986 12 12116
5986 19 12116
5984 12 34
5984 9 34
5984 12 930
5984 9 930
5987 6 9167
5987 6 9167
5987 2 39
5987 8 39
5985 6 4763
5985 6 4763
5988 5 333
5988 19 333
5989 35 213
5989 6 213
5989 35 12878
5989 6 12878
5991 12 1861
5991 8 1861
6007 12 134
6007 68 134
6006 12 34
6006 19 34
6018 12 78
6018 19 78
6029 12 275
6029 19 275
6027 12 167
6027 19 167
6035 6 146
6035 47 146
6032 5 93
6032 19 93
6032 12 1691
6032 6 1691
6040 12 212
6040 12 212
6046 12 47
6046 19 47
6042 12 2
6042 19 2
6050 12 369
6050 19 369
6059 1 12968
6059 29 12968
6065 12 1822
6065 19 1822
6065 12 682
6065 19 682
6060 12 4084
6060 19 4084
6060 12 1487
6060 19 1487
6079 12 134
6079 64 134
6079 12 1825
6079 64 1825
6082 12 397
6082 35 397
6082 6 50
6082 6 50
6082 6 12988
6082 6 12988
6083 0 5371
6083 2 5371
6078 1 144
6078 8 144
6078 1 225
6078 8 225
6078 12 170
6078 6 170
6092 12 397
6092 84 397
6099 12 2
6099 19 2
6104 12 144
6104 40 144
6104 40 5097
6104 12 5097
6106 5 2891
6106 12 2891
6112 12 34
6112 19 34
6114 12 1037
6114 12 1037
6113 12 1433
6113 6 1433
6131 12 34
6131 64 34
6137 12 47
6137 64 47
6151 5 102
6151 64 102
6158 12 522
6158 19 522
6165 8 4901
6165 4 4901
6174 6 500
6174 8 500
6183 5 296
6183 19 296
6186 12 13132
6186 6 13132
6195 12 2736
6195 19 2736
6203 19 10
6203 76 10
6203 1 245
6203 12 245
6201 5 9
6201 19 9
6210 12 6758
6210 12 6758
6210 12 13198
6210 12 13198
6210 12 8408
6210 12 8408
6210 12 152
6210 13 152
6223 6 1000
6223 2 1000
6222 12 682
6222 6 682
6225 2 9
6225 19 9
6228 12 144
6228 68 144
6233 12 2
6233 64 2
6237 12 47
6237 19 47
6235 2 411
6235 7 411
6247 24 620
6247 19 620
6247 24 13241
6247 19 13241
6247 24 13242
6247 19 13242
6244 2 1530
6244 2 1530
6246 12 34
6246 12 34
6243 19 9221
6243 6 9221
6257 12 397
6257 12 397
6261 5 46
6261 64 46
6266 5 977
6266 19 977
6266 5 2864
6266 19 2864
6270 12 12515
6270 19 12515
6293 12 144
6293 12 144
6293 12 225
6293 12 225
6315 2 39
6315 8 39
6316 8 316
6316 4 316
6316 8 148
6316 4 148
6316 8 81
6316 4 81
6321 5 166
6321 64 166
6321 6 4082
6321 24 4082
6326 5 46
6326 19 46
6322 12 9938
6322 43 9938
6330 1 3800
6330 19 3800
6334 12 167
6334 19 167
6334 6 174
6334 6 174
6356 12 192
6356 12 192
6359 12 664
6359 19 664
6359 12 13429
6359 19 13429
6359 5 46
6359 19 46
6377 12 275
6377 19 275
6384 12 34
6384 12 34
6384 5 9
6384 76 9
6384 5 10
6384 76 10
6379 2 166
6379 19 166
6375 3 392
6375 4 392
6375 3 1050
6375 4 1050
6391 12 166
6391 19 166
6398 12 34
6398 19 34
6400 12 318
6400 84 318
6400 8 2621
6400 4 2621
6410 12 2
6410 19 2
6410 6 13500
6410 19 13500
6417 12 397
6417 64 397
6422 5 10
6422 19 10
6421 5 296
6421 19 296
6428 5 3031
6428 19 3031
6434 6 379
6434 35 379
6433 12 13368
6433 92 13368
6433 6 118
6433 35 118
6438 12 163
6438 19 163
6439 12 34
6439 12 34
6439 19 34
6439 12 1769
6439 6 1769
6443 19 930
6443 12 930
6448 12 192
6448 56 192
6455 12 397
6455 19 397
6452 12 397
6452 43 397
6467 0 13584
6467 2 13584
6474 5 732
6474 19 732
6476 24 5387
6476 19 5387
6476 24 2318
6476 19 2318
6480 8 6449
6480 4 6449
6506 35 7250
6506 24 7250
6506 35 1825
6506 24 1825
6509 12 144
6509 19 144
6509 6 80
6509 79 80
6512 12 299
6512 19 299
6516 2 39
6516 8 39
6518 6 135
6518 8 135
6522 12 397
6522 12 397
6529 5 333
6529 19 333
6530 5 9
6530 19 9
6528 12 34
6528 19 34
6535 12 47
6535 12 47
6535 12 901
6535 12 901
6562 12 34
6562 19 34
6562 12 271
6562 19 271
6562 12 270
6562 19 270
6572 12 2
6572 19 2
6570 12 34
6570 12 34
6575 12 664
6575 12 664
6588 1 9856
6588 19 9856
6589 5 10
6589 19 10
6592 5 274
6592 0 274
6594 12 144
6594 21 144
6594 12 22
6594 21 22
6594 12 47
6594 21 47
6606 12 3360
6606 20 3360
6609 12 127
6609 68 127
6613 5 46
6613 19 46
6612 1 2
6612 19 2
6618 12 47
6618 63 47
6617 1 216
6617 19 216
6619 12 2952
6619 6 2952
6631 12 1348
6631 43 1348
6631 12 13514
6631 43 13514
6637 12 930
6637 19 930
6637 12 34
6637 19 34
6637 12 495
6637 19 495
6642 12 127
6642 19 127
6641 12 3328
6641 19 3328
6648 12 31
6648 12 31
6648 19 106
6648 12 106
6651 12 9
6651 19 9
6658 12 2909
6658 19 2909
6658 1 348
6658 19 348
6655 1 4194
6655 12 4194
6655 1 13271
6655 12 13271
6656 12 1487
6656 19 1487
6657 5 102
6657 19 102
6657 5 46
6657 19 46
6673 24 620
6673 19 620
6671 12 740
6671 12 740
6678 12 745
6678 19 745
6685 12 459
6685 19 459
6683 67 12
6683 19 12
6680 12 8477
6680 1 8477
6680 12 623
6680 1 623
6680 12 7123
6680 1 7123
6684 12 3057
6684 35 3057
6684 12 738
6684 21 738
6684 6 712
6684 8 712
6695 5 13897
6695 19 13897
6713 12 397
6713 12 397
6718 12 34
6718 12 34
6718 5 10
6718 19 10
6723 12 522
6723 21 522
6727 5 102
6727 19 102
6733 12 298
6733 19 298
6743 18 13981
6743 18 13981
6746 12 494
6746 12 494
6748 12 466
6748 19 466
6751 12 144
6751 68 144
6751 12 22
6751 68 22
6758 12 417
6758 19 417
6758 12 417
6764 1 621
6764 8 621
6771 12 275
6771 19 275
6771 12 682
6771 19 682
6773 5 625
6773 76 625
6779 12 47
6779 19 47
6780 12 2
6780 12 2
6784 12 9505
6784 21 9505
6784 6 554
6784 61 554
6787 5 78
6787 64 78
6792 1 184
6792 21 184
6793 1 8389
6793 29 8389
6793 1 1055
6793 29 1055
6796 12 14058
6796 6 14058
6817 12 348
6817 19 348
6832 12 239
6832 19 239
6836 12 144
6836 19 144
6838 6 164
6838 34 164
6848 12 361
6848 4 361
6848 12 1625
6848 4 1625
6848 12 6931
6848 4 6931
6847 12 397
6847 19 397
6850 12 14130
6850 6 14130
6850 6 14130
6850 19 14132
6850 6 14132
6850 8 10628
6850 4 10628
6850 8 14133
6850 4 14133
6850 8 316
6850 4 316
6850 8 148
6850 4 148
6852 6 13587
6852 35 13587
6856 12 682
6856 68 682
6858 5 369
6858 19 369
6863 5 9
6863 19 9
6874 24 9521
6874 19 9521
6870 12 34
6870 12 34
6870 68 34
6882 12 47
6882 76 47
6889 12 239
6889 19 239
6889 6 112
6889 7 112
6890 12 14204
6890 6 14204
6901 5 9
6901 19 9
6903 12 417
6903 1 417
6904 6 4254
6904 4 4254
6904 6 223
6904 4 223
6907 8 5634
6907 107 5634
6908 12 3167
6908 19 3167
6910 12 78
6910 19 78
6909 101 14260
6909 19 14260
6915 12 348
6915 65 348
6915 12 1939
6915 68 1939
6922 12 144
6922 8 144
6922 12 435
6922 8 435
6920 24 5387
6920 19 5387
6920 24 620
6920 19 620
6920 24 351
6920 19 351
6926 12 1487
6926 19 1487
6929 24 1468
6929 64 1468
6934 12 397
6934 12 397
6933 5 1440
6933 19 1440
6940 12 2261
6940 19 2261
6948 12 14326
6948 79 14326
6948 12 8257
6948 79 8257
6948 12 14327
6948 79 14327
6950 2 830
6950 19 830
6956 12 8151
6956 40 8151
6972 12 466
6972 21 466
6970 12 144
6970 68 144
6971 12 397
6971 19 397
6974 2 479
6974 8 479
6981 5 3031
6981 19 3031
6986 12 2
6986 68 2
6986 12 182
6986 68 182
6986 12 239
6986 68 239
6986 12 127
6986 68 127
6990 12 2
6990 19 2
6977 12 494
6977 19 494
7009 12 664
7009 19 664
7017 19 10
7017 19 10
7026 12 397
7026 19 397
7025 12 682
7025 19 682
7031 12 397
7031 19 397
7049 12 3297
7049 19 3297
7056 12 1260
7056 19 1260
7057 1 3942
7057 29 3942
7057 1 14450
7057 29 14450
7057 1 2370
7057 29 2370
7064 5 14458
7064 12 14458
7064 5 6922
7064 12 6922
7065 12 167
7065 19 167
7067 5 3101
7067 6 3101
7067 12 182
7067 64 182
7067 12 22
7067 64 22
7068 12 664
7068 19 664
7080 12 134
7080 5 134
7081 5 9
7081 19 9
7083 5 46
7083 19 46
7083 12 4510
7083 10 4510
7083 12 14498
7083 10 14498
7083 12 1677
7083 10 1677
7084 12 664
7084 19 664
7084 12 901
7084 19 901
7085 12 397
7085 40 397
7093 12 34
7093 12 34
7092 6 2350
7092 35 2350
7092 6 178
7092 35 178
7092 6 14512
7092 35 14512
7092 6 4049
7092 35 4049
7092 6 14514
7092 35 14514
7101 12 2
7101 64 2
7105 12 363
7105 19 363
7105 12 1331
7105 19 1331
7103 1 5094
7103 59 5094
7103 19 5094
7112 12 275
7112 19 275
7113 12 143
7113 9 143
7113 12 144
7113 9 144
7116 12 14548
7116 20 14548
7116 4 2203
7116 4 2203
7117 11 4359
7117 19 4359
7126 12 4865
7126 19 4865
7135 12 275
7135 19 275
7135 12 14585
7135 19 14585
7135 12 664
7135 19 664
7141 12 34
7141 19 34
7149 12 830
7149 64 830
7144 12 3638
7144 12 3638
7145 1 6374
7145 19 6374
7160 5 10
7160 19 10
7163 12 397
7163 12 397
7165 12 397
7165 19 397
7166 12 47
7166 12 47
7173 12 2
7173 68 2
7171 12 153
7171 6 153
7185 12 930
7185 40 930
7185 12 3167
7185 40 3167
7186 5 369
7186 19 369
7191 6 59
7191 7 59
7195 12 144
7195 8 144
7213 17 2797
7213 20 2797
7217 12 34
7217 40 34
7222 12 275
7222 12 275
7224 12 95
7224 21 95
7224 6 14715
7224 35 14715
7224 6 14716
7224 75 14716
7224 6 882
7224 35 882
7223 5 10
7223 19 10
7223 5 298
7223 19 298
7234 12 1875
7234 12 1875
7235 12 830
7235 64 830
7238 12 275
7238 12 275
7241 12 364
7241 9 364
7241 6 718
7241 8 718
7254 5 10
7254 19 10
7260 12 34
7260 64 34
7263 12 2
7263 19 2
7268 12 34
7268 12 34
7268 12 2
7268 12 2
7268 6 4081
7268 6 4081
7266 19 428
7266 9 428
7266 19 371
7266 9 371
7281 12 46
7281 64 46
7278 21 397
7278 12 397
7295 12 348
7295 43 348
7295 12 602
7295 56 602
7296 12 397
7296 19 397
7296 12 975
7296 63 975
7296 43 975
7304 19 10
7304 5 10
7317 12 397
7317 40 397
7323 12 1036
7323 12 1036
7321 12 211
7321 6 211
7335 12 397
7335 12 397
7340 6 436
7340 8 436
7347 12 4448
7347 6 4448
7343 2 14878
7343 6 14878
7357 5 46
7357 64 46
7357 19 46
7364 12 9
7364 19 9
7364 12 2
7364 19 2
7364 6 1034
7364 19 1034
7368 12 494
7368 12 494
7371 6 274
7371 19 274
7370 12 682
7370 68 682
7376 12 34
7376 68 34
7386 12 34
7386 19 34
7388 12 351
7388 64 351
7391 5 46
7391 19 46
7413 1 2960
7413 19 2960
7413 1 563
7413 19 563
7414 12 397
7414 19 397
7414 12 397
7422 0 509
7422 2 509
7428 8 4
7428 4 4
7424 5 295
7424 19 295
7433 12 282
7433 19 282
7433 12 271
7433 19 271
7438 12 15010
7438 19 15010
7444 5 10
7444 19 10
7449 12 95
7449 19 95
7460 12 144
7460 12 144
7460 12 22
7460 12 22
7466 5 8
7466 19 8
7468 12 26
7468 12 26
7483 5 78
7483 19 78
7482 12 3677
7482 19 3677
7479 12 591
7479 19 591
7491 12 15073
7491 12 15073
7489 5 1826
7489 19 1826
7493 24 318
7493 19 318
7493 24 6882
7493 19 6882
7493 24 5881
7493 19 5881
7493 24 6039
7493 19 6039
7501 12 26
7501 19 26
7501 12 134
7501 19 134
7510 12 239
7510 1 239
7510 6 15113
7510 20 15113
7509 12 2166
7509 19 2166
7509 12 46
7509 19 46
7511 12 348
7511 6 348
7515 5 46
7515 19 46
7541 3 19
7541 4 19
7541 3 316
7541 4 316
7540 5 10
7540 19 10
7546 6 6337
7546 19 6337
7547 12 34
7547 64 34
7556 12 4478
7556 19 4478
7567 12 22
7567 19 22
7564 12 78
7564 19 78
7578 12 901
7578 19 901
7578 12 9682
7578 19 9682
7583 12 4635
7583 19 4635
7583 1 12965
7583 47 12965
7591 12 739
7591 68 739
7592 12 602
7592 64 602
7592 12 348
7592 64 348
7600 12 737
7600 35 737
7600 6 379
7600 35 379
7600 6 1814
7600 21 1814
7611 12 47
7611 19 47
7619 12 397
7619 12 397
7623 12 2
7623 64 2
7640 12 282
7640 4 282
7640 12 271
7640 4 271
7643 24 6705
7643 19 6705
7643 24 621
7643 19 621
7647 12 397
7647 19 397
7644 19 15312
7644 24 15312
7656 5 2135
7656 19 2135
7660 5 333
7660 76 333
7659 24 15330
7659 19 15330
7659 24 15332
7659 19 15332
7663 5 2783
7663 19 2783
7664 12 270
7664 8 270
7664 12 282
7664 8 282
7664 12 271
7664 8 271
7666 12 167
7666 6 167
7671 19 106
7671 19 106
7670 12 1964
7670 19 1964
7673 12 682
7673 12 682
7694 12 34
7694 12 34
7693 12 78
7693 19 78
7704 12 143
7704 19 143
7711 12 1763
7711 19 1763
7718 12 466
7718 9 466
7716 12 2
7716 19 2
7723 1 3360
7723 19 3360
7720 12 55
7720 64 55
7724 12 134
7724 19 134
7741 2 39
7741 8 39
7748 5 296
7748 19 296
7748 6 1941
7748 61 1941
7748 6 2003
7748 59 2003
7756 1 15467
7756 35 15467
7765 12 1486
7765 64 1486
7765 12 682
7765 64 682
7770 5 10
7770 19 10
7775 12 167
7775 19 167
7776 12 1470
7776 19 1470
7782 12 2261
7782 19 2261
7782 8 316
7782 4 316
7784 24 275
7784 19 275
7785 12 34
7785 19 34
7786 12 13903
7786 20 13903
7792 19 275
7792 12 275
7792 6 462
7792 12 462
7793 12 740
7793 20 740
7793 12 682
7793 20 682
7799 5 333
7799 19 333
7803 12 9330
7803 12 9330
7809 1 3542
7809 12 3542
7809 1 15543
7809 12 15543
7808 12 397
7808 19 397
7811 5 3838
7811 76 3838
7821 12 2318
7821 40 2318
7821 6 2318
7823 12 47
7823 19 47
7832 5 830
7832 64 830
7840 12 901
7840 19 901
7839 5 46
7839 19 46
7848 12 95
7848 92 95
7853 5 94
7853 19 94
7855 12 15605
7855 6 15605
7857 12 30
7857 12 30
7867 6 78
7867 6 78
7863 19 181
7863 20 181
7863 19 2
7863 20 2
7869 12 466
7869 19 466
7868 10 15629
7868 10 15629
7881 91 35
7881 2 35
7885 5 5025
7885 12 5025
7882 12 47
7882 19 47
7893 12 9
7893 19 9
7894 12 1487
7894 92 1487
7894 24 263
7894 92 263
7898 2 39
7898 8 39
7898 6 1032
7898 8 1032
7900 12 216
7900 19 216
7900 12 680
7900 19 680
7901 6 3989
7901 91 3989
7905 12 134
7905 19 134
7910 12 34
7910 19 34
7910 81 1653
7910 19 1653
7918 6 15688
7918 35 15688
7919 12 275
7919 19 275
7919 12 47
7919 19 47
7923 19 274
7923 19 274
7922 12 3945
7922 19 3945
7924 12 2
7924 19 2
7924 12 34
7924 19 34
7929 12 2261
7929 19 2261
7943 5 920
7943 19 920
7945 1 3132
7945 6 3132
7951 12 1074
7951 19 1074
7953 24 15745
7953 19 15745
7958 12 2261
7958 19 2261
7977 12 737
7977 35 737
7982 5 8857
7982 19 8857
7966 12 39
7966 8 39
7966 2 166
7966 19 166
7987 12 34
7987 19 34
7992 12 15797
7992 19 15797
8004 12 34
8004 19 34
8004 12 127
8004 19 127
8019 12 741
8019 19 741
8018 12 134
8018 19 134
8023 0 21
8023 2 21
8031 12 211
8031 40 211
8031 12 15837
8031 40 15837
8026 6 15839
8026 53 15839
8047 12 34
8047 19 34
8051 12 260
8051 64 260
8053 12 682
8053 49 682
8053 12 460
8053 49 460
8053 12 47
8053 49 47
8053 12 348
8053 49 348
8053 12 15862
8053 12 15862
8053 12 15863
8053 12 15863
8056 12 11856
8056 1 11856
8065 12 542
8065 12 542
8072 19 429
8072 8 429
8070 12 3143
8070 19 3143
8070 12 15886
8070 19 15886
8078 19 7092
8078 20 7092
8103 24 2392
8103 19 2392
8107 12 34
8107 19 34
8123 22 4
8123 4 4
8123 22 1181
8123 4 1181
8123 22 2476
8123 4 2476
8134 12 167
8134 19 167
8133 19 930
8133 19 930
8133 19 1037
8133 19 1037
8136 107 1616
8136 4 1616
8136 12 1037
8136 19 1037
8139 24 623
8139 19 623
8153 12 1867
8153 19 1867
8153 12 1356
8153 19 1356
8154 6 2696
8154 6 2696
8160 6 178
8160 35 178
8163 15 2868
8163 6 2868
8180 12 144
8180 64 144
8180 10 7618
8180 10 7618
8187 12 134
8187 1 134
8189 12 275
8189 12 275
8196 35 9666
8196 35 9666
8202 12 901
8202 12 901
8205 8 7061
8205 4 7061
8205 8 16084
8205 4 16084
8224 6 16113
8224 15 16113
8224 6 16114
8224 15 16114
8239 12 144
8239 12 144
8239 12 22
8239 12 22
8251 24 4227
8251 19 4227
8277 6 16186
8277 8 16186
8295 12 397
8295 12 397
8292 5 560
8292 19 560
8299 12 8080
8299 19 8080
8302 12 318
8302 19 318
8313 5 161
8313 64 161
8318 12 901
8318 19 901
8321 3 1050
8321 4 1050
8324 12 348
8324 19 348
8342 12 11359
8342 12 11359
8340 19 930
8340 19 930
8347 12 47
8347 19 47
8348 12 144
8348 8 144
8352 5 161
8352 19 161
8357 114 1004
8357 58 1004
8357 59 1004
8362 12 740
8362 19 740
8369 12 167
8369 19 167
8367 12 2708
8367 68 2708
8367 12 664
8367 68 664
8372 12 397
8372 19 397
8379 12 16325
8379 12 16325
8384 12 405
8384 12 405
8384 5 9
8384 64 9
8385 1 3070
8385 19 3070
8385 1 46
8385 19 46
8389 8 5613
8389 4 5613
8389 8 19
8389 4 19
8393 12 1591
8393 68 1591
8402 19 665
8402 19 665
8417 12 718
8417 19 718
8415 5 46
8415 19 46
8415 5 625
8415 19 625
8421 1 34
8421 12 34
8438 12 239
8438 19 239
8444 12 144
8444 19 144
8446 5 10
8446 19 10
8445 12 740
8445 19 740
8452 12 2
8452 19 2
8456 12 144
8456 84 144
8458 5 10
8458 19 10
8459 12 3760
8459 64 3760
8471 12 1063
8471 4 1063
8473 12 47
8473 92 47
8473 12 901
8473 92 901
8487 12 363
8487 6 363
8497 12 742
8497 19 742
8503 12 8691
8503 19 8691
8503 12 275
8503 19 275
8503 12 682
8503 19 682
8506 12 397
8506 19 397
8507 12 2
8507 12 2
8510 5 46
8510 19 46
8510 6 29
8510 2 29
8513 12 275
8513 12 275
8512 3 4
8512 4 4
8512 3 305
8512 4 305
8526 12 239
8526 12 239
8526 12 739
8526 12 739
8531 12 47
8531 19 47
8537 12 134
8537 19 134
8539 12 682
8539 19 682
8559 19 665
8559 19 665
8573 5 9
8573 19 9
8579 12 13952
8579 4 13952
8579 12 16599
8579 4 16599
8596 24 2392
8596 19 2392
8596 24 3432
8596 19 3432
8594 12 34
8594 84 34
8601 12 34
8601 19 34
8610 12 348
8610 6 348
8611 2 39
8611 8 39
8619 1 10568
8619 19 10568
8619 1 16659
8619 19 16659
8619 50 204
8619 19 204
8621 11 11218
8621 19 11218
8622 19 10
8622 19 10
8622 6 50
8622 6 50
8644 12 901
8644 20 901
8653 12 307
8653 19 307
8653 19 10
8653 19 10
8663 12 1260
8663 19 1260
8668 24 3716
8668 19 3716
8668 24 10876
8668 19 10876
8668 24 16727
8668 19 16727
8672 12 930
8672 64 930
8658 12 495
8658 6 495
8685 5 9
8685 19 9
8684 24 16756
8684 6 16756
8684 1 2791
8684 6 2791
8692 1 15887
8692 19 15887
8699 12 275
8699 19 275
8713 12 397
8713 19 397
8717 12 47
8717 64 47
8724 12 11856
8724 19 11856
8727 12 134
8727 64 134
8741 12 459
8741 19 459
8744 12 397
8744 9 397
8745 12 375
8745 19 375
8747 12 34
8747 19 34
8751 12 34
8751 19 34
8758 5 4490
8758 76 4490
8761 2 50
8761 6 50
8774 12 22
8774 19 22
8776 12 34
8776 19 34
8782 12 95
8782 12 95
8775 12 5893
8775 5 5893
8778 12 144
8778 8 144
8778 12 22
8778 8 22
8787 12 134
8787 68 134
8794 4 5180
8794 6 5180
8799 12 135
8799 84 135
8809 12 397
8809 19 397
8810 24 2318
8810 19 2318
8810 24 2392
8810 19 2392
8810 24 9938
8810 19 9938
8814 5 10
8814 19 10
8819 12 275
8819 19 275
8823 12 682
8823 12 682
8847 6 166
8847 1 166
8849 12 95
8849 107 95
8856 12 22
8856 19 22
8864 6 341
8864 35 341
8864 6 1479
8864 35 1479
8873 40 16986
8873 19 16986
8875 12 47
8875 19 47
8883 3 4
8883 4 4
8885 12 34
8885 19 34
8894 6 171
8894 2 171
8894 6 242
8894 2 242
8900 12 275
8900 12 275
8900 19 275
8902 5 274
8902 19 274
8908 12 239
8908 19 239
8914 6 10767
8914 20 10767
8914 6 1256
8914 20 1256
8916 24 2380
8916 19 2380
8917 12 1
8917 21 1
8918 12 601
8918 40 601
8923 12 144
8923 19 144
8923 12 22
8923 19 22
8923 8 1616
8923 4 1616
8923 8 598
8923 4 598
8921 12 9
8921 76 9
8920 12 47
8920 19 47
8931 2 39
8931 8 39
8939 9 396
8939 19 396
8939 9 428
8939 19 428
8939 6 718
8939 19 718
8954 24 17100
8954 19 17100
8954 24 1758
8954 19 1758
8954 24 47
8954 19 47
8954 24 621
8954 19 621
8962 1 5966
8962 19 5966
8966 12 47
8966 19 47
8966 19 47
8966 12 4324
8966 19 4324
8965 12 1677
8965 12 1677
8965 12 740
8965 12 740
8965 12 47
8965 12 47
8968 1 16659
8968 40 16659
8968 1 2883
8968 40 2883
8971 5 296
8971 19 296
8975 2 500
8975 8 500
8993 2 39
8993 8 39
8998 5 46
8998 76 46
9003 5 10
9003 19 10
9005 12 134
9005 64 134
9018 12 34
9018 84 34
9026 12 2
9026 64 2
9028 12 697
9028 12 697
9028 12 397
9028 12 397
9031 2 372
9031 63 372
9041 5 10
9041 19 10
9043 5 9
9043 19 9
9038 12 15052
9038 12 15052
9038 67 739
9038 12 739
9046 6 47
9046 12 47
9052 5 46
9052 19 46
9052 12 95
9052 40 95
9069 8 316
9069 4 316
9078 12 134
9078 12 134
9078 19 134
9084 12 417
9084 19 417
9084 12 47
9084 19 47
9084 12 2412
9084 19 2412
9085 12 348
9085 19 348
9105 12 134
9105 19 134
9135 12 47
9135 19 47
9138 12 34
9138 12 34
9136 1 820
9136 42 820
9136 12 495
9136 42 495
9149 12 34
9149 76 34
9151 5 94
9151 19 94
9153 12 47
9153 64 47
9158 1 2053
9158 63 2053
9158 50 246
9158 63 246
9158 0 12359
9158 19 12359
9158 63 12359
9158 0 17364
9158 19 17364
9158 63 17364
9158 35 1838
9158 35 1838
9158 35 5194
9158 35 5194
9158 35 2772
9158 35 2772
9165 12 397
9165 12 397
9165 12 2
9165 6 2
9168 12 22
9168 19 22
9174 12 560
9174 19 560
9180 5 274
9180 19 274
9194 12 167
9194 19 167
9194 12 522
9194 19 522
9192 5 9
9192 19 9
9202 12 127
9202 12 127
9206 12 397
9206 19 397
9206 3 1181
9206 4 1181
9218 19 500
9218 8 500
9217 12 144
9217 12 144
9217 12 22
9217 12 22
9224 5 9
9224 19 9
9222 24 2392
9222 19 2392
9230 5 2864
9230 19 2864
9230 12 718
9230 8 718
9235 12 2
9235 12 2
9232 5 605
9232 2 605
9239 1 1392
9239 19 1392
9239 1 9750
9239 19 9750
9239 1 5966
9239 19 5966
9240 1 5284
9240 20 5284
9255 19 10
9255 19 10
9251 2 605
9251 19 605
9257 0 21
9257 2 21
9261 5 9
9261 19 9
9266 12 34
9266 19 34
9268 6 146
9268 35 146
9284 5 17520
9284 19 17520
9290 107 2621
9290 4 2621
9290 107 316
9290 4 316
9292 12 2164
9292 19 2164
9298 12 34
9298 12 34
9298 12 930
9298 12 930
9298 12 1037
9298 12 1037
9312 12 7967
9312 12 7967
9320 2 39
9320 8 39
9321 1 134
9321 12 134
9339 12 34
9339 84 34
9340 4 316
9340 4 316
9340 4 81
9340 4 81
9343 12 601
9343 19 601
9345 6 381
9345 8 381
9358 12 34
9358 76 34
9361 12 166
9361 19 166
9367 12 34
9367 68 34
9367 12 154
9367 68 154
9393 5 274
9393 19 274
9392 5 656
9392 19 656
9400 2 39
9400 19 39
9403 6 1587
9403 64 1587
9409 12 47
9409 19 47
9409 12 494
9409 19 494
9406 12 34
9406 19 34
9411 12 1074
9411 6 1074
9411 12 290
9411 6 290
9412 6 8870
9412 6 8870
9431 12 1486
9431 35 1486
9431 12 5279
9431 63 5279
9431 6 4959
9431 35 4959
9431 6 15640
9431 35 15640
9431 6 178
9431 35 178
9431 1 289
9431 35 289
9431 50 17700
9431 35 17700
9433 12 34
9433 19 34
9442 12 2
9442 19 2
9441 12 2096
9441 6 2096
9441 12 17720
9441 6 17720
9441 12 13269
9441 6 13269
9453 12 567
9453 19 567
9460 5 10
9460 19 10
9456 12 22
9456 19 22
9456 24 7386
9456 19 7386
9456 24 9938
9456 19 9938
9468 12 316
9468 4 316
9468 12 3147
9468 4 3147
9470 6 2646
9470 8 2646
9470 4 5
9470 8 5
9472 12 495
9472 12 495
9482 5 605
9482 47 605
9485 0 150
9485 20 150
9485 69 2645
9485 19 2645
9493 24 5387
9493 19 5387
9493 24 17800
9493 19 17800
9499 12 143
9499 19 143
9500 5 46
9500 19 46
9501 12 34
9501 19 34
9501 12 8400
9501 19 8400
9501 12 494
9501 19 494
9505 12 34
9505 19 34
9506 2 39
9506 8 39
9508 6 7156
9508 26 7156
9515 12 740
9515 40 740
9529 12 275
9529 19 275
9529 12 275
9532 12 135
9532 6 135
9523 19 2164
9523 76 2164
9538 5 10
9538 19 10
9539 12 363
9539 68 363
9544 2 13984
9544 26 13984
9546 12 878
9546 21 878
9546 12 2
9546 35 2
9546 12 134
9546 21 134
9547 12 143
9547 19 143
9548 6 9167
9548 6 9167
9551 6 17867
9551 8 17867
9553 12 143
9553 19 143
9557 12 144
9557 21 144
9557 12 22
9557 21 22
9559 12 763
9559 12 763
9562 1 17873
9562 90 17873
9562 6 135
9562 90 135
9573 12 167
9573 76 167
9579 2 39
9579 8 39
9588 12 8759
9588 35 8759
9588 6 10833
9588 35 10833
9609 90 135
9609 6 135
9609 20 552
9609 6 552
9618 12 5638
9618 4 5638
9618 24 17956
9618 19 17956
9621 2 39
9621 8 39
9639 5 4359
9639 12 4359
9639 6 1223
9639 2 1223
9643 12 459
9643 19 459
9640 12 397
9640 19 397
9665 6 1219
9665 6 1219
9660 6 18023
9660 26 18023
9671 12 47
9671 19 47
9676 24 2317
9676 19 2317
9676 24 7123
9676 19 7123
9676 24 5602
9676 19 5602
9680 24 2318
9680 24 2318
9680 19 2317
9680 19 2317
9680 24 2392
9680 24 2392
9680 24 620
9680 24 620
9683 5 9
9683 19 9
9690 24 18048
9690 19 18048
9688 5 46
9688 19 46
9710 6 153
9710 6 153
9708 12 2985
9708 19 2985
9717 12 134
9717 19 134
9720 12 275
9720 19 275
9727 5 5025
9727 19 5025
9731 12 369
9731 19 369
9742 12 417
9742 12 417
9743 12 22
9743 12 22
9741 12 166
9741 19 166
9749 12 2510
9749 19 2510
9751 12 12309
9751 12 12309
9759 1 18183
9759 19 18183
9759 1 9750
9759 19 9750
9766 12 213
9766 35 213
9766 12 1951
9766 35 1951
9769 5 9
9769 19 9
9774 12 429
9774 19 429
9780 6 1228
9780 6 1228
9780 6 2522
9780 6 2522
9780 6 9
9780 59 9
9780 6 9
9786 3 4
9786 4 4
9786 3 1031
9786 4 1031
9801 12 18253
9801 6 18253
9799 5 10
9799 64 10
9812 12 34
9812 12 34
9814 12 460
9814 12 460
9827 5 1341
9827 19 1341
9830 12 18289
9830 90 18289
9830 12 18290
9830 90 18290
9832 5 9
9832 19 9
9832 2 18294
9832 21 18294
9834 19 102
9834 19 102
9839 12 2
9839 19 2
9839 19 2
9839 12 2069
9839 49 2069
9843 12 34
9843 19 34
9858 12 397
9858 19 397
9847 12 2708
9847 19 2708
9863 12 397
9863 12 397
9854 12 144
9854 19 144
9854 12 22
9854 19 22
9874 12 275
9874 19 275
9892 6 381
9892 6 381
9892 6 135
9892 6 135
9903 1 13812
9903 6 13812
9900 12 348
9900 12 348
9913 12 34
9913 19 34
9915 12 12515
9915 12 12515
9927 12 737
9927 12 737
9927 5 741
9927 19 741
9932 5 333
9932 19 333
9930 5 2767
9930 19 2767
9939 12 2
9939 12 2
9946 12 144
9946 68 144
9946 12 22
9946 68 22
9949 5 1201
9949 19 1201
9960 2 39
9960 19 39
9962 12 522
9962 19 522
9972 12 47
9972 19 47
9971 90 14981
9971 12 14981
9971 19 14981
9971 12 429
9971 19 429
9977 12 38
9977 12 38
9977 12 38
9977 12 14915
9977 12 14915
9977 12 14915
9984 5 333
9984 19 333
9985 12 167
9985 19 167
9986 12 161
9986 19 161
9988 0 1733
9988 117 1733
9989 5 369
9989 19 369
9991 19 630
9991 4 630
10006 12 2380
10006 19 2380
10010 12 47
10010 19 47
10010 12 144
10010 19 144
9999 12 275
9999 19 275
10015 6 2300
10015 6 2300
10015 12 1904
10015 6 1904
10024 1 2350
10024 6 2350
10024 1 4582
10024 6 4582
10024 1 9219
10024 6 9219
10024 1 18503
10024 6 18503
10029 5 10
10029 19 10
10047 12 143
10047 19 143
10046 5 166
10046 19 166
10046 8 19
10046 4 19
10046 8 16711
10046 4 16711
10050 12 34
10050 9 34
10055 12 397
10055 19 397
10052 12 500
10052 19 500
10060 12 348
10060 12 348
10060 12 4497
10060 12 4497
10071 12 143
10071 19 143
10073 12 508
10073 12 508
10082 12 466
10082 12 466
10080 12 397
10080 12 397
10085 12 429
10085 19 429
10100 12 2203
10100 4 2203
10100 12 18603
10100 4 18603
10099 12 144
10099 68 144
10099 12 22
10099 68 22
10099 12 225
10099 68 225
10102 5 9
10102 19 9
10105 12 144
10105 40 144
10105 12 22
10105 40 22
10113 12 46
10113 19 46
10120 6 215
10120 21 215
10123 12 495
10123 12 495
10127 12 602
10127 6 602
10127 12 221
10127 6 221
10131 12 275
10131 19 275
10131 12 682
10131 19 682
10145 21 682
10145 12 682
10151 12 144
10151 8 144
10151 12 22
10151 8 22
10150 12 740
10150 12 740
10153 2 500
10153 8 500
10155 12 18661
10155 35 18661
10152 12 468
10152 19 468
10159 12 18663
10159 10 18663
10159 12 18664
10159 10 18664
10157 12 18665
10157 4 18665
10167 12 275
10167 12 275
10167 19 275
10168 12 134
10168 19 134
10168 12 2
10168 19 2
10173 12 144
10173 12 144
10173 12 22
10173 12 22
10174 12 2
10174 12 2
10181 5 10
10181 19 10
10190 12 682
10190 19 682
10193 5 2605
10193 19 2605
10194 5 4923
10194 19 4923
10199 12 22
10199 19 22
10196 12 37
10196 10 37
10196 12 4453
10196 10 4453
10215 12 275
10215 19 275
10217 8 1553
10217 4 1553
10217 8 148
10217 4 148
10221 12 16480
10221 9 16480
10221 12 18754
10221 9 18754
10223 5 2438
10223 12 2438
10228 19 166
10228 5 166
10228 12 2
10228 19 2
10233 90 895
10233 4 895
10237 5 274
10237 19 274
10243 2 39
10243 8 39
10252 12 167
10252 19 167
10251 12 47
10251 12 47
10251 64 47
10251 12 95
10251 64 95
10256 12 813
10256 12 813
10253 19 10
10253 76 10
10262 12 181
10262 12 181
10270 6 50
10270 6 50
10276 12 47
10276 12 47
10273 12 2521
10273 6 2521
10273 12 1944
10273 6 1944
10285 6 3700
10285 19 3700
10290 12 127
10290 12 127
10294 12 144
10294 19 144
10294 12 225
10294 19 225
10303 6 135
10303 6 135
10307 84 10
10307 5 10
10319 12 307
10319 19 307
10319 12 9
10319 19 9
10323 5 2605
10323 19 2605
10332 5 46
10332 19 46
10340 12 1039
10340 21 1039
10342 1 2960
10342 19 2960
10348 5 46
10348 19 46
10357 12 1651
10357 68 1651
10358 12 2
10358 64 2
10359 12 3942
10359 20 3942
10359 12 1074
10359 20 1074
10360 12 2891
10360 19 2891
10362 84 718
10362 19 718
10365 12 807
10365 19 807
10368 90 602
10368 12 602
10368 90 682
10368 12 682
10377 12 134
10377 19 134
10378 12 114
10378 90 114
10383 12 34
10383 19 34
10386 12 813
10386 19 813
10386 12 3524
10386 19 3524
10401 1 1941
10401 6 1941
10401 1 18975
10401 6 18975
10399 12 181
10399 12 181
10406 12 34
10406 19 34
10404 1 4194
10404 19 4194
10407 12 22
10407 9 22
10418 12 417
10418 19 417
10418 12 31
10418 19 31
10417 5 10
10417 19 10
10415 12 239
10415 12 239
10421 6 10384
10421 35 10384
10421 6 207
10421 35 207
10424 6 3989
10424 91 3989
10435 12 85
10435 10 85
10439 12 181
10439 19 181
10447 12 901
10447 19 901
10448 2 803
10448 19 803
10459 12 740
10459 19 740
10473 12 664
10473 19 664
10494 12 542
10494 12 542
10499 0 21
10499 63 21
10506 12 34
10506 19 34
10510 19 161
10510 64 161
10511 12 34
10511 19 34
10513 12 930
10513 12 930
10532 12 182
10532 19 182
10543 12 34
10543 19 34
10550 12 34
10550 19 34
10550 5 10
10550 19 10
10560 5 19200
10560 19 19200
10560 12 275
10560 19 275
10561 1 239
10561 12 239
10566 12 1181
10566 4 1181
10566 12 4
10566 4 4
10574 5 3838
10574 19 3838
10574 24 4924
10574 43 4924
10580 12 34
10580 19 34
10583 5 9
10583 19 9
10582 12 22
10582 8 22
10585 12 2
10585 12 2
10585 6 146
10585 6 146
10585 2 29
10585 2 29
10585 6 4871
10585 6 4871
10589 12 363
10589 6 363
10589 19 363
10589 12 9124
10589 6 9124
10589 19 9124
10593 19 46
10593 19 46
10597 5 46
10597 19 46
10607 12 144
10607 68 144
10610 12 801
10610 19 801
10611 12 14309
10611 19 14309
10624 12 239
10624 12 239
10635 12 153
10635 6 153
10635 6 19297
10635 6 19297
10639 12 595
10639 19 595
10639 12 397
10639 19 397
10639 12 682
10639 19 682
10644 6 3070
10644 19 3070
10644 6 78
10644 19 78
10644 6 1314
10644 19 1314
10650 12 34
10650 19 34
10654 24 1392
10654 20 1392
10654 24 19320
10654 20 19320
10656 12 275
10656 12 275
10662 1 1832
10662 6 1832
10664 12 22
10664 68 22
10664 12 225
10664 68 225
10666 12 397
10666 19 397
10669 12 5236
10669 12 5236
10669 43 19345
10669 12 19345
10669 43 682
10669 12 682
10677 12 22
10677 12 22
10680 6 13201
10680 6 13201
10676 2 411
10676 7 411
10687 24 5735
10687 6 5735
10687 24 2317
10687 6 2317
10687 24 2392
10687 6 2392
10693 12 460
10693 19 460
10701 1 3800
10701 63 3800
10702 5 10
10702 64 10
10705 5 9
10705 19 9
10719 12 5498
10719 19 5498
10719 12 19406
10719 19 19406
10719 24 3360
10719 19 3360
10715 12 182
10715 19 182
10724 12 2
10724 12 2
10728 12 275
10728 19 275
10733 12 34
10733 12 34
10732 6 50
10732 20 50
10732 8 316
10732 4 316
10739 5 656
10739 19 656
10736 5 46
10736 64 46
10736 12 542
10736 12 542
10736 12 8364
10736 12 8364
10741 12 1612
10741 6 1612
10756 12 1063
10756 8 1063
10756 12 1625
10756 8 1625
10756 12 5618
10756 8 5618
10756 12 316
10756 8 316
10773 5 46
10773 19 46
10776 5 333
10776 19 333
10779 12 2
10779 92 2
10783 6 112
10783 7 112
10774 12 192
10774 65 192
10774 12 2
10774 65 2
10792 12 2213
10792 6 2213
10792 12 10232
10792 6 10232
10792 2 1503
10792 6 1503
10791 5 19486
10791 19 19486
10790 24 19490
10790 19 19490
10790 24 2319
10790 19 2319
10807 12 19503
10807 1 19503
10805 12 19506
10805 6 19506
10810 6 136
10810 6 136
10813 12 397
10813 19 397
10835 6 17633
10835 35 17633
10835 6 596
10835 35 596
10835 1 19554
10835 35 19554
10832 5 10
10832 19 10
10839 12 466
10839 68 466
10838 1 351
10838 92 351
10845 12 34
10845 19 34
10846 5 333
10846 19 333
10844 8 11457
10844 4 11457
10863 6 1256
10863 35 1256
10863 2 6316
10863 35 6316
10864 5 10
10864 19 10
10867 19 93
10867 19 93
10878 12 2263
10878 19 2263
10883 12 740
10883 12 740
10885 24 19608
10885 19 19608
10882 12 144
10882 19 144
10889 12 299
10889 19 299
10889 6 86
10889 35 86
10889 35 19613
10889 62 19613
10901 12 397
10901 12 397
10897 12 30
10897 8 30
10897 12 22
10897 8 22
10904 12 397
10904 19 397
10904 12 397
10906 2 3029
10906 2 3029
10918 12 34
10918 19 34
10918 12 1037
10918 19 1037
10927 1 135
10927 11 135
10927 6 19661
10927 8 19661
10928 5 9
10928 76 9
10948 6 436
10948 6 436
10952 5 1717
10952 19 1717
10964 12 1846
10964 64 1846
10967 19 601
10967 19 601
10980 12 182
10980 12 182
10980 12 501
10980 6 501
10982 12 167
10982 19 167
10982 2 39
10982 8 39
10985 1 1037
10985 12 1037
10986 12 143
10986 19 143
10993 12 680
10993 6 680
10994 12 316
10994 4 316
10994 12 3147
10994 4 3147
10994 12 5
10994 4 5
10994 12 1063
10994 4 1063
10994 12 6565
10994 4 6565
11002 12 4222
11002 8 4222
11006 5 10
11006 19 10
11013 5 2645
11013 19 2645
11017 12 601
11017 40 601
11017 12 95
11017 40 95
11017 12 682
11017 40 682
11021 12 429
11021 19 429
11021 12 275
11021 19 275
11019 24 5387
11019 19 5387
11019 24 7066
11019 19 7066
11036 12 4248
11036 19 4248
11036 12 46
11036 19 46
11033 12 495
11033 68 495
11037 35 2295
11037 1 2295
11039 12 34
11039 19 34
11044 12 2621
11044 4 2621
11040 5 1201
11040 19 1201
11048 63 19848
11048 63 19848
11055 6 372
11055 2 372
11069 6 19878
11069 12 19878
11076 1 275
11076 19 275
11081 2 39
11081 19 39
11081 8 39
11084 24 5387
11084 19 5387
11084 24 2
11084 19 2
11084 24 134
11084 19 134
11085 4 598
11085 8 598
11086 3 630
11086 4 630
11086 3 9105
11086 4 9105
11092 12 3700
11092 19 3700
11090 12 12515
11090 12 12515
11093 1 19910
11093 12 19910
11098 12 3700
11098 19 3700
11099 12 19917
11099 43 19917
11100 5 333
11100 19 333
11103 5 10
11103 19 10
11105 12 14283
11105 6 14283
11116 5 333
11116 19 333
11123 20 8002
11123 8 8002
11123 20 6
11123 8 6
11128 12 34
11128 19 34
11130 12 19963
11130 19 19963
11134 11 4359
11134 23 4359
11134 19 4359
11140 12 595
11140 19 595
11139 12 275
11139 19 275
11165 12 134
11165 19 134
11168 12 275
11168 19 275
11168 12 682
11168 19 682
11168 12 12116
11168 19 12116
11170 12 34
11170 19 34
11170 12 495
11170 19 495
11183 2 39
11183 8 39
11185 2 39
11185 8 39
11190 12 397
11190 19 397
11200 12 34
11200 12 34
11202 5 10
11202 19 10
11210 12 417
11210 12 417
11233 12 260
11233 19 260
11229 64 10
11229 19 10
11257 12 8193
11257 19 8193
11257 12 508
11257 19 508
11261 12 901
11261 19 901
11261 12 595
11261 19 595
11268 12 34
11268 19 34
11268 12 495
11268 19 495
11272 12 20080
11272 19 20080
11259 10 20131
11259 12 20131
11279 12 4453
11279 40 4453
11285 12 396
11285 19 396
11291 5 10
11291 64 10
11300 12 34
11300 19 34
11297 12 595
11297 64 595
11297 12 375
11297 64 375
11295 24 17550
11295 19 17550
11295 24 20155
11295 19 20155
11308 12 47
11308 19 47
11310 12 930
11310 12 930
11314 12 7866
11314 12 7866
11319 12 6041
11319 35 6041
11319 1 724
11319 35 724
11319 6 2060
11319 35 2060
11321 12 1037
11321 56 1037
11323 12 181
11323 64 181
11329 5 4923
11329 19 4923
11337 6 1826
11337 19 1826
11338 6 5880
11338 19 5880
11343 12 167
11343 19 167
11355 24 10260
11355 19 10260
11355 24 20227
11355 19 20227
11355 24 20228
11355 19 20228
11354 19 605
11354 2 605
11362 12 1500
11362 6 1500
11369 12 978
11369 19 978
11377 12 47
11377 19 47
11377 12 7589
11377 19 7589
11387 19 46
11387 19 46
11384 12 34
11384 19 34
11383 12 682
11383 6 682
11386 5 161
11386 64 161
11393 19 803
11393 8 803
11391 12 34
11391 19 34
11397 6 5650
11397 35 5650
11400 5 46
11400 19 46
11415 1 204
11415 35 204
11415 1 20324
11415 35 20324
11422 5 10
11422 19 10
11416 12 134
11416 19 134
11417 6 3398
11417 35 3398
11417 6 1519
11417 35 1519
11417 6 1503
11417 35 1503
11417 6 20330
11417 35 20330
11417 6 5898
11417 35 5898
11417 6 2285
11417 35 2285
11417 6 20331
11417 35 20331
11437 5 10
11437 19 10
11442 6 9
11442 19 9
11442 6 166
11442 19 166
11443 5 10
11443 19 10
11445 1 34
11445 12 34
11445 1 154
11445 12 154
11454 12 602
11454 6 602
11454 12 740
11454 6 740
11466 1 1861
11466 8 1861
11467 12 275
11467 19 275
11468 12 8105
11468 19 8105
11469 6 178
11469 4 178
11470 12 299
11470 113 299
11471 12 397
11471 19 397
11471 12 2263
11471 19 2263
11475 5 46
11475 19 46
11477 12 260
11477 19 260
11477 12 835
11477 19 835
11485 12 47
11485 19 47
11489 12 803
11489 68 803
11498 12 739
11498 19 739
11505 2 196
11505 4 196
11517 5 333
11517 19 333
11534 12 20431
11534 40 20431
11532 12 30
11532 8 30
11532 2 4464
11532 8 4464
11538 17 213
11538 4 213
11540 6 39
11540 8 39
11544 5 8419
11544 19 8419
11555 40 8044
11555 19 8044
11569 12 34
11569 12 34
11567 19 9
11567 76 9
11567 19 10
11567 76 10
11575 19 417
11575 12 417
11578 24 1331
11578 24 1331
11578 24 5387
11578 24 5387
11583 5 296
11583 19 296
11596 6 39
11596 8 39
11610 12 1904
11610 19 1904
11605 6 20504
11605 123 20504
11611 2 372
11611 6 372
11633 12 3351
11633 21 3351
11636 12 181
11636 12 181
11632 12 6179
11632 19 6179
11641 12 2
11641 64 2
11659 6 882
11659 35 882
11659 6 3398
11659 20 3398
11668 12 397
11668 19 397
11668 1 134
11668 19 134
11670 5 2188
11670 19 2188
11665 12 397
11665 9 397
11672 12 2918
11672 12 2918
11676 12 666
11676 21 666
11676 2 16
11676 21 16
11675 12 2096
11675 12 2096
11683 12 144
11683 8 144
11683 12 22
11683 8 22
11684 12 602
11684 68 602
11684 12 275
11684 68 275
11695 12 102
11695 19 102
11696 12 1253
11696 19 1253
11708 19 901
11708 12 901
11710 5 274
11710 19 274
11707 5 333
11707 19 333
11709 2 39
11709 8 39
11711 12 34
11711 19 34
11716 6 178
11716 4 178
11721 12 34
11721 19 34
11720 12 397
11720 19 397
11731 5 10
11731 64 10
11731 12 930
11731 68 930
11731 12 1253
11731 68 1253
11734 5 46
11734 19 46
11743 12 1875
11743 19 1875
11752 19 10
11752 76 10
11753 12 739
11753 19 739
11766 12 143
11766 19 143
11766 12 46
11766 19 46
11780 12 154
11780 68 154
11780 12 3759
11780 68 3759
11785 12 275
11785 19 275
11791 5 9
11791 19 9
11791 6 50
11791 6 50
11791 2 372
11791 2 372
11797 5 2864
11797 19 2864
11804 2 39
11804 8 39
11811 12 682
11811 12 682
11812 12 260
11812 19 260
11816 5 9
11816 19 9
11814 12 34
11814 68 34
11814 12 2
11814 68 2
11817 12 34
11817 68 34
11826 6 20749
11826 6 20749
11828 12 34
11828 68 34
11833 6 2907
11833 2 2907
11832 12 34
11832 19 34
11834 12 34
11834 12 34
11834 8 39
11834 19 39
11841 12 275
11841 19 275
11844 6 20779
11844 19 20779
11856 24 17956
11856 64 17956
11855 12 134
11855 19 134
11854 12 397
11854 19 397
11860 1 20807
11860 130 20807
11864 12 134
11864 19 134
11864 12 1653
11864 19 1653
11886 6 381
11886 19 381
11894 5 10
11894 19 10
11904 12 47
11904 12 47
11916 12 39
11916 19 39
11924 5 1427
11924 19 1427
11924 1 1423
11924 40 1423
11925 5 2164
11925 19 2164
11934 12 34
11934 19 34
11938 1 1325
11938 6 1325
11943 12 801
11943 1 801
11942 5 830
11942 19 830
11933 12 30
11933 68 30
11945 64 2929
11945 2 2929
11950 8 20929
11950 4 20929
11956 12 275
11956 12 275
11964 6 586
11964 2 586
11974 12 34
11974 19 34
11980 5 4923
11980 19 4923
11985 5 2164
11985 19 2164
11986 12 602
11986 19 602
11986 12 134
11986 19 134
11993 12 417
11993 19 417
11992 12 167
11992 19 167
12000 12 397
12000 19 397
12001 6 1861
12001 8 1861
12001 6 39
12001 8 39
12015 1 3290
12015 64 3290
12013 12 134
12013 19 134
12019 5 10
12019 76 10
12021 12 417
12021 19 417
12023 12 397
12023 40 397
12024 3 1945
12024 4 1945
12030 12 47
12030 19 47
12030 1 95
12030 19 95
12033 5 560
12033 19 560
12032 19 2864
12032 76 2864
12050 12 595
12050 19 595
12056 12 144
12056 12 144
12056 12 348
12056 12 348
12056 12 3826
12056 12 3826
12067 5 296
12067 19 296
12066 6 3456
12066 35 3456
12066 6 21066
12066 35 21066
12080 12 154
12080 19 154
12083 12 397
12083 19 397
12083 12 595
12083 19 595
12088 12 181
12088 19 181
12085 12 34
12085 9 34
12103 12 803
12103 19 803
12102 3 1578
12102 4 1578
12099 5 920
12099 19 920
12108 5 10
12108 19 10
12116 12 167
12116 19 167
12116 12 739
12116 19 739
12121 12 397
12121 68 397
12131 6 1171
12131 91 1171
12132 12 397
12132 12 397
12141 12 182
12141 12 182
12134 12 34
12134 12 34
12134 19 34
12135 12 134
12135 12 134
12143 12 3677
12143 19 3677
12150 5 296
12150 19 296
12145 12 225
12145 19 225
12151 12 34
12151 92 34
12151 12 602
12151 92 602
12154 5 9
12154 19 9
12165 12 275
12165 19 275
12168 40 102
12168 19 102
12175 2 8417
12175 6 8417
12173 6 2999
12173 8 2999
12178 18 21201
12178 18 21201
12190 12 397
12190 12 397
12205 12 34
12205 12 34
12205 12 1037
12205 12 1037
12217 12 7105
12217 20 7105
12224 19 10
12224 19 10
12230 12 144
12230 8 144
12230 12 22
12230 8 22
12243 12 134
12243 19 134
12243 6 1235
12243 35 1235
12243 6 2624
12243 35 2624
12247 5 4359
12247 19 4359
12248 12 34
12248 19 34
12253 6 3456
12253 35 3456
12253 6 21316
12253 35 21316
12259 12 2
12259 68 2
12263 5 4923
12263 64 4923
12263 1 1204
12263 6 1204
12262 5 3547
12262 19 3547
12270 12 134
12270 19 134
12272 12 166
12272 19 166
12273 12 282
12273 4 282
12273 12 271
12273 4 271
12278 12 397
12278 19 397
12280 12 397
12280 19 397
12290 12 2
12290 76 2
12290 12 8167
12290 76 8167
12290 5 161
12290 76 161
12294 12 2
12294 64 2
12296 6 436
12296 8 436
12297 5 4359
12297 19 4359
12301 5 9
12301 19 9
12317 5 5591
12317 19 5591
12320 12 102
12320 19 102
12322 12 30
12322 8 30
12330 1 803
12330 19 803
12331 107 1367
12331 4 1367
12332 6 6240
12332 77 6240
12333 1 3550
12333 19 3550
12334 12 275
12334 19 275
12336 12 2
12336 19 2
12350 19 10
12350 76 10
12355 12 363
12355 6 363
12354 12 154
12354 19 154
12354 19 34
12354 19 34
12362 8 1176
12362 4 1176
12372 12 34
12372 12 34
12382 35 146
12382 6 146
12382 35 7641
12382 6 7641
12394 6 341
12394 91 341
12401 6 135
12401 8 135
12406 20 21513
12406 6 21513
12414 12 47
12414 19 47
12423 12 4585
12423 40 4585
12427 12 275
12427 12 275
12427 19 429
12427 19 429
12430 2 372
12430 2 372
12438 1 5943
12438 12 5943
12437 12 2
12437 12 2
12444 12 166
12444 19 166
12447 24 9009
12447 19 9009
12447 24 21597
12447 19 21597
12447 24 19490
12447 19 19490
12453 12 2
12453 19 2
12455 8 2476
12455 4 2476
12454 12 739
12454 68 739
12460 6 207
12460 49 207
12460 6 1034
12460 35 1034
12467 12 275
12467 19 275
12466 12 4279
12466 19 4279
12468 5 4490
12468 19 4490
12469 64 500
12469 8 500
12471 6 135
12471 6 135
12471 2 42
12471 2 42
12483 5 21633
12483 19 21633
12479 19 813
12479 12 813
12490 12 21646
12490 8 21646
12493 12 34
12493 64 34
12500 12 21662
12500 6 21662
12505 3 15087
12505 4 15087
12504 5 369
12504 19 369
12504 5 9
12504 19 9
12509 12 348
12509 8 348
12511 12 134
12511 19 134
12516 6 2350
12516 91 2350
12516 6 21687
12516 91 21687
12516 6 882
12516 91 882
12532 12 38
12532 111 38
12532 12 106
12532 111 106
12532 8 5398
12532 4 5398
12539 12 1698
12539 64 1698
12539 1 3118
12539 6 3118
12550 12 47
12550 12 47
12549 5 9
12549 19 9
12549 12 135
12549 6 135
12555 5 166
12555 19 166
12553 12 22
12553 19 22
12559 5 4359
12559 108 4359
12563 15 10837
12563 87 10837
12562 12 351
12562 12 351
12566 6 21758
12566 12 21758
12572 12 2
12572 68 2
12572 5 10
12572 19 10
12581 12 144
12581 40 144
12581 12 22
12581 40 22
12577 12 1651
12577 9 1651
12595 1 3303
12595 6 3303
12600 12 791
12600 19 791
12600 19 791
12600 12 2
12600 19 2
12601 5 9
12601 19 9
12604 12 495
12604 68 495
12604 12 127
12604 68 127
12608 12 363
12608 64 363
12608 12 127
12608 64 127
12621 12 182
12621 43 182
12621 12 245
12621 43 245
12639 5 9
12639 19 9
12647 12 275
12647 19 275
12654 12 47
12654 20 47
12654 12 2
12654 20 2
12654 12 134
12654 20 134
12671 12 239
12671 64 239
12679 12 16856
12679 92 16856
12688 12 34
12688 64 34
12689 6 908
12689 6 908
12689 12 13604
12689 6 13604
12690 12 664
12690 19 664
12693 12 18247
12693 123 18247
12693 12 3970
12693 12 3970
12693 123 3970
12693 12 5043
12693 123 5043
12694 12 4574
12694 6 4574
12697 12 542
12697 12 542
12696 12 103
12696 12 103
12696 12 103
12696 12 103
12696 12 103
12696 12 103
12696 12 103
12696 12 103
12696 12 103
12696 12 103
12696 12 103
12696 12 103
12696 12 103
12696 12 103
12696 12 103
12696 12 103
12696 12 103
12696 12 103
12696 12 103
12696 12 103
12696 12 103
12696 12 103
12696 12 103
12696 12 103
12696 12 103
12696 12 103
12696 12 103
12696 12 103
12696 12 103
12696 12 103
12696 12 103
12696 12 103
12696 12 103
12696 12 103
12696 12 103
12696 12 103
12696 12 103
12696 12 103
12696 12 103
12696 12 103
12696 12 103
12696 12 103
12696 12 103
12696 12 103
12696 12 103
12696 12 103
12696 12 103
12696 12 103
12696 12 103
12696 12 103
12696 12 103
12696 12 103
12696 12 103
12696 12 103
12696 12 103
12696 12 103
12696 12 103
12696 12 103
12696 12 103
12696 12 103
12696 12 103
12696 12 103
12696 12 103
12696 12 103
12696 12 103
12696 12 103
12696 12 103
12696 12 103
12696 12 103
12696 12 103
12696 12 103
12696 12 103
12696 12 103
12696 12 103
12696 12 103
12696 12 103
12696 12 103
12696 12 103
12696 12 103
12696 12 103
12708 12 2
12708 68 2
12720 12 602
12720 56 602
12728 12 18987
12728 43 18987
12736 12 21976
12736 20 21976
12736 12 21977
12736 20 21977
12735 12 13986
12735 10 13986
12747 12 47
12747 19 47
12750 12 417
12750 19 417
12750 12 31
12750 19 31
12750 12 225
12750 19 225
12757 12 930
12757 19 930
12757 12 2
12757 19 2
12760 12 740
12760 19 740
12760 12 95
12760 19 95
12769 12 1385
12769 19 1385
12774 12 2
12774 19 2
12782 6 1500
12782 35 1500
12782 6 538
12782 35 538
12783 12 134
12783 42 134
12793 2 2283
12793 19 2283
12796 12 47
12796 19 47
12795 12 22
12795 12 22
12799 12 813
12799 19 813
12801 12 144
12801 12 144
12801 6 145
12801 20 145
12801 6 3324
12801 94 3324
12801 6 22054
12801 94 22054
12811 5 2605
12811 19 2605
12822 12 2
12822 19 2
12822 12 22066
12822 19 22066
12818 12 34
12818 12 34
12824 40 239
12824 12 239
12825 12 106
12825 68 106
12828 12 19345
12828 6 19345
12841 24 552
12841 19 552
12840 3 4
12840 4 4
12840 3 18059
12840 4 18059
12842 12 34
12842 19 34
12845 12 144
12845 8 144
12854 6 12383
12854 6 12383
12854 12 1
12854 6 1
12856 12 34
12856 12 34
12863 12 163
12863 19 163
12862 12 22126
12862 6 22126
12862 12 1
12862 6 1
12866 12 901
12866 19 901
12865 24 318
12865 76 318
12880 12 2
12880 19 2
12880 12 34
12880 19 34
12884 17 1040
12884 35 1040
12883 12 144
12883 12 144
12889 12 34
12889 19 34
12888 12 34
12888 19 34
12890 12 397
12890 12 397
12892 12 34
12892 19 34
12895 12 144
12895 8 144
12895 12 22
12895 8 22
12907 12 106
12907 12 106
12907 6 1253
12907 12 1253
12909 5 46
12909 19 46
12912 1 2
12912 19 2
12911 12 3297
12911 19 3297
12911 12 275
12911 19 275
12927 12 144
12927 12 144
12927 12 22
12927 12 22
12933 12 181
12933 19 181
12930 1 22
12930 8 22
12942 12 275
12942 12 275
12946 12 466
12946 19 466
12946 12 127
12946 19 127
12949 19 167
12949 12 167
12950 5 10
12950 76 10
12957 5 333
12957 19 333
12960 12 275
12960 19 275
12972 12 466
12972 12 466
12976 12 2283
12976 19 2283
12976 12 166
12976 19 166
12980 12 22
12980 68 22
12980 17 213
12980 17 213
12980 17 2021
12980 109 2021
12984 5 2164
12984 19 2164
12988 12 542
12988 12 542
12988 12 542
12988 12 542
12988 12 542
12988 12 542
12988 12 542
12988 12 542
12988 12 542
12988 12 542
12988 12 542
12988 12 542
12988 12 542
12988 12 542
12988 12 542
12988 12 542
12988 12 542
12988 12 542
12988 12 542
12988 12 542
12988 12 542
12988 12 542
12988 12 542
12988 12 542
12988 12 542
12988 12 542
12988 12 542
12988 12 542
12988 12 542
12988 12 542
12988 12 542
12988 12 542
12988 12 542
12988 12 542
12988 12 542
12988 12 542
12988 12 542
12988 12 542
12988 12 542
12988 12 542
12988 12 542
12988 12 542
12988 12 542
12988 12 542
12988 12 542
12988 12 542
12988 12 542
12988 12 542
12988 12 542
12988 12 542
12988 12 542
12988 12 542
12988 12 542
12988 12 542
12988 12 542
12988 12 542
12988 12 542
12988 12 542
12988 12 542
12988 12 542
12988 12 542
12988 12 542
12988 12 542
12988 12 542
12988 12 542
12988 12 542
12988 12 542
12988 12 542
12988 12 542
12988 12 542
12988 12 542
12988 12 542
12988 12 542
12988 12 542
12988 12 542
12988 12 542
12988 12 542
12988 12 542
12988 12 542
12988 12 542
12988 12 542
12988 12 542
12988 12 542
12988 12 542
12988 12 542
12988 12 542
12988 12 542
12988 12 542
12988 12 542
12988 12 542
12988 12 542
12991 11 552
12991 64 552
12999 12 47
12999 12 47
13009 12 34
13009 19 34
13018 12 34
13018 19 34
13020 12 495
13020 12 495
13020 6 2864
13020 19 2864
13026 15 469
13026 26 469
13023 12 431
13023 19 431
13023 2 2632
13023 8 2632
13037 5 920
13037 64 920
13038 1 22324
13038 6 22324
13042 12 192
13042 12 192
13042 12 495
13042 12 495
13047 12 3378
13047 19 3378
13047 76 3378
13050 12 930
13050 12 930
13058 0 6565
13058 4 6565
13056 12 2
13056 12 2
13056 8 2
13071 12 397
13071 12 397
13074 5 46
13074 19 46
13070 12 460
13070 19 460
13079 12 34
13079 19 34
13079 12 602
13079 19 602
13084 5 2188
13084 19 2188
13084 5 9381
13084 19 9381
13083 12 239
13083 12 239
13097 24 4227
13097 19 4227
13103 5 161
13103 19 161
13112 6 135
13112 6 135
13113 12 3945
13113 12 3945
13107 12 34
13107 12 34
13122 12 1253
13122 19 1253
13128 12 47
13128 19 47
13131 50 204
13131 35 204
13129 1 567
13129 76 567
13138 12 95
13138 35 95
13138 12 22
13138 35 22
13159 12 47
13159 19 47
13166 5 161
13166 19 161
13168 12 466
13168 19 466
13176 12 682
13176 68 682
13183 1 2611
13183 19 2611
13189 12 167
13189 64 167
13185 12 34
13185 56 34
13185 12 181
13185 56 181
13195 1 1500
13195 19 1500
13199 5 2767
13199 19 2767
13201 5 46
13201 19 46
13212 12 34
13212 19 34
13224 3 5
13224 4 5
13220 12 316
13220 8 316
13226 5 2783
13226 19 2783
13226 12 361
13226 3 361
13234 12 34
13234 19 34
13234 6 3653
13234 8 3653
13234 12 22527
13234 19 22527
13245 12 78
13245 19 78
13242 12 34
13242 19 34
13242 35 34
13242 12 495
13242 12 495
13242 19 495
13242 35 495
13242 6 22535
13242 35 22535
13242 6 22536
13242 35 22536
13252 5 741
13252 19 741
13252 6 654
13252 8 654
13256 5 656
13256 19 656
13257 12 397
13257 19 397
13254 12 2
13254 19 2
13254 12 12515
13254 19 12515
13261 2 39
13261 8 39
13259 12 1036
13259 12 1036
13263 6 12448
13263 6 12448
13263 6 12448
13263 6 12448
13263 6 12448
13263 6 12448
13263 6 12448
13263 6 12448
13263 6 12448
13263 6 12448
13263 6 12448
13263 6 12448
13263 6 12448
13263 6 12448
13263 6 12448
13263 6 22568
13263 6 22568
13263 6 22568
13263 6 22568
13263 6 22568
13263 6 22568
13263 6 22568
13263 6 22568
13263 6 22568
13263 6 22568
13263 6 22568
13263 6 22568
13263 6 22568
13263 6 22568
13263 6 22568
13263 6 22569
13263 6 22569
13263 6 22569
13263 6 22569
13263 6 22569
13263 6 22569
13263 6 22569
13263 6 22569
13263 6 22569
13263 6 22569
13263 6 22569
13263 6 22569
13263 6 22569
13263 6 22569
13263 6 22569
13263 6 22570
13263 6 22570
13263 6 22570
13263 6 22570
13263 6 22570
13263 6 22570
13263 6 22570
13263 6 22570
13263 6 22570
13263 6 22570
13263 6 22570
13263 6 22570
13263 6 22570
13263 6 22570
13263 6 22570
13263 6 22571
13263 6 22571
13263 6 22571
13263 6 22571
13263 6 22571
13263 6 22571
13263 6 22571
13263 6 22571
13263 6 22571
13263 6 22571
13263 6 22571
13263 6 22571
13263 6 22571
13263 6 22571
13264 6 427
13264 4 427
13277 24 2318
13277 24 2318
13277 24 5592
13277 12 5592
13278 12 2
13278 19 2
13278 6 1796
13278 19 1796
13279 12 34
13279 19 34
13286 12 181
13286 68 181
13297 12 2668
13297 19 2668
13302 12 397
13302 12 397
13310 12 2261
13310 12 2261
13315 12 22
13315 19 22
13313 2 479
13313 8 479
13317 12 2
13317 12 2
13312 12 47
13312 76 47
13314 12 216
13314 8 216
13314 12 1513
13314 8 1513
13320 5 10
13320 19 10
13323 12 4051
13323 6 4051
13327 12 46
13327 19 46
13325 5 93
13325 76 93
13325 1 134
13325 76 134
13336 12 740
13336 19 740
13350 5 46
13350 76 46
13346 6 2679
13346 19 2679
13353 12 134
13353 19 134
13359 12 371
13359 19 371
13359 12 363
13359 19 363
13358 12 501
13358 6 501
13365 12 47
13365 21 47
13375 12 34
13375 19 34
13375 12 495
13375 19 495
13389 12 275
13389 19 275
13389 12 32
13389 19 32
13391 19 500
13391 8 500
13391 2 29
13391 103 29
13391 2 1407
13391 103 1407
13409 12 144
13409 8 144
13409 12 22
13409 8 22
13411 12 296
13411 19 296
13419 5 161
13419 19 161
13420 12 290
13420 19 290
13426 12 397
13426 9 397
13434 1 3965
13434 24 3965
13434 1 1573
13434 24 1573
13434 1 22767
13434 24 22767
13437 12 134
13437 19 134
13439 12 34
13439 12 34
13448 12 181
13448 12 181
13456 12 3072
13456 19 3072
13457 5 333
13457 19 333
13459 12 348
13459 8 348
13461 2 39
13461 8 39
13462 12 791
13462 68 791
13462 12 2
13462 68 2
13464 12 1
13464 12 1
13467 24 5387
13467 19 5387
13467 19 5387
13467 24 4348
13467 19 4348
13470 5 2164
13470 64 2164
13489 29 1195
13489 8 1195
13494 12 134
13494 19 134
13492 12 539
13492 4 539
13492 12 22850
13492 4 22850
13505 90 22858
13505 6 22858
13500 5 2929
13500 19 2929
13510 6 16
13510 21 16
13515 12 22
13515 19 22
13514 12 134
13514 1 134
13518 19 10
13518 76 10
13517 5 296
13517 19 296
13520 5 2165
13520 64 2165
13520 12 2203
13520 8 2203
13521 24 5387
13521 19 5387
13531 5 78
13531 19 78
13534 12 144
13534 19 144
13533 12 2
13533 12 2
13536 5 9
13536 19 9
13536 5 977
13536 19 977
13537 1 1861
13537 8 1861
13540 12 5385
13540 77 5385
13547 12 901
13547 12 901
13546 12 1970
13546 19 1970
13546 3 1221
13546 8 1221
13546 3 361
13546 8 361
13565 12 144
13565 12 144
13565 12 225
13565 12 225
13567 2 39
13567 8 39
13574 12 803
13574 19 803
13577 12 212
13577 21 212
13578 12 1689
13578 21 1689
13578 12 102
13578 21 102
13578 12 299
13578 35 299
13582 12 602
13582 19 602
13582 12 106
13582 19 106
13583 12 4448
13583 6 4448
13590 12 47
13590 12 47
13590 21 682
13590 1 682
13619 12 22995
13619 19 22995
13621 19 23003
13621 8 23003
13621 4 23003
13621 19 2621
13621 4 2621
13621 19 23004
13621 4 23004
13628 5 9
13628 19 9
13632 5 10
13632 19 10
13637 24 23013
13637 19 23013
13636 12 361
13636 4 361
13636 12 3009
13636 4 3009
13636 12 138
13636 4 138
13641 1 1780
13641 12 1780
13641 1 1517
13641 12 1517
13646 12 397
13646 19 397
13646 12 3919
13646 19 3919
13660 12 22
13660 19 22
13673 24 11856
13673 19 11856
13669 12 397
13669 19 397
13678 12 830
13678 5 830
13682 12 34
13682 19 34
13689 5 656
13689 19 656
13701 24 2392
13701 19 2392
13701 24 5593
13701 19 5593
13707 12 2968
13707 10 2968
13707 12 842
13707 10 842
13707 12 23090
13707 10 23090
13707 12 467
13707 10 467
13707 12 23091
13707 10 23091
13705 12 144
13705 1 144
13712 12 2
13712 19 2
13717 12 34
13717 8 34
13717 79 34
13720 12 15414
13720 19 15414
13721 12 8767
13721 19 8767
13724 5 3700
13724 2 3700
13724 12 23124
13724 6 23124
13733 12 2
13733 64 2
13733 12 1
13733 64 1
13740 12 375
13740 19 375
13739 50 5853
13739 19 5853
13749 12 34
13749 111 34
13758 12 9
13758 19 9
13765 12 429
13765 19 429
13769 12 500
13769 19 500
13769 12 39
13769 19 39
13774 12 522
13774 84 522
13772 12 34
13772 12 34
13780 12 23200
13780 4 23200
13780 12 23201
13780 8 23201
13793 6 290
13793 8 290
13795 12 417
13795 19 417
13802 3 361
13802 4 361
13807 12 2112
13807 76 2112
13808 12 34
13808 19 34
13806 12 664
13806 19 664
13809 12 47
13809 76 47
13821 6 240
13821 63 240
13821 6 372
13821 2 372
13834 5 2283
13834 19 2283
13836 5 46
13836 19 46
13836 5 333
13836 19 333
13837 5 10
13837 19 10
13845 5 46
13845 19 46
13846 12 494
13846 12 494
13851 6 23285
13851 2 23285
13855 5 78
13855 19 78
13866 12 47
13866 68 47
13875 6 146
13875 123 146
13875 7 40
13875 123 40
13874 12 1037
13874 12 1037
13874 68 1037
13874 12 34
13874 12 34
13874 68 34
13874 6 39
13874 19 39
13872 24 47
13872 19 47
13872 24 901
13872 19 901
13872 24 114
13872 19 114
13872 24 621
13872 19 621
13884 12 296
13884 19 296
13882 12 181
13882 124 181
13882 12 1253
13882 124 1253
13882 12 1260
13882 124 1260
13892 40 3463
13892 12 3463
13904 12 48
13904 12 48
13913 12 134
13913 19 134
13913 12 1486
13913 19 1486
13918 5 46
13918 64 46
13918 12 144
13918 8 144
13915 2 23361
13915 8 23361
13926 12 34
13926 19 34
13926 12 9
13926 19 9
13934 12 718
13934 19 718
13935 24 9014
13935 19 9014
13935 24 620
13935 19 620
13935 24 23382
13935 19 23382
13940 12 34
13940 111 34
13938 5 10
13938 19 10
13951 12 397
13951 68 397
13953 12 211
13953 19 211
13964 6 2
13964 12 2
13964 64 2
13963 12 47
13963 76 47
13963 12 6229
13963 76 6229
13979 12 2261
13979 19 2261
13984 12 2646
13984 20 2646
13988 1 95
13988 56 95
13989 6 178
13989 35 178
13997 12 181
13997 19 181
13999 6 50
13999 6 50
14008 12 1677
14008 19 1677
14025 12 154
14025 19 154
14039 12 239
14039 19 239
14049 90 1826
14049 19 1826
14047 12 1825
14047 19 1825
14053 12 4568
14053 27 4568
14053 12 23498
14053 27 23498
14057 6 23509
14057 6 23509
14057 6 23509
14057 6 23509
14057 6 23509
14057 6 23509
14057 6 23509
14057 6 23509
14057 6 23509
14057 6 23509
14057 6 23509
14057 6 23509
14057 6 23510
14057 6 23510
14057 6 23510
14057 6 23510
14057 6 23510
14057 6 23510
14057 6 23510
14057 6 23510
14057 6 23510
14057 6 23510
14057 6 23510
14057 6 23510
14057 6 23511
14057 6 23511
14057 6 23511
14057 6 23511
14057 6 23511
14057 6 23511
14057 6 23511
14057 6 23511
14057 6 23511
14057 6 23511
14057 6 23511
14057 6 23511
14057 6 23512
14057 6 23512
14057 6 23512
14057 6 23512
14057 6 23512
14057 6 23512
14057 6 23512
14057 6 23512
14057 6 23512
14057 6 23512
14057 6 23512
14057 6 23512
14057 6 23513
14057 6 23513
14057 6 23513
14057 6 23513
14057 6 23513
14057 6 23513
14057 6 23513
14057 6 23513
14057 6 23513
14057 6 23513
14057 6 23513
14057 6 23513
14057 6 23514
14057 6 23514
14057 6 23515
14057 6 23515
14057 6 23516
14057 6 23516
14057 6 23519
14057 6 23519
14057 6 23520
14057 6 23520
14057 6 23521
14057 6 23521
14065 6 146
14065 2 146
14064 5 333
14064 19 333
14068 12 2029
14068 19 2029
14080 12 34
14080 49 34
